1.88192 
1.83831 
1.85752 
1.8547 
1.87667 
1.8693 
1.86941 
1.85974 
1.8409 
1.85476 
1.86029 
1.83638 
1.87314 
1.85852 
1.8657 
1.89638 
1.84217 
1.87084 
1.86788 
1.86792 
1.83521 
1.87193 
1.89843 
1.89513 
1.86333 
1.85653 
1.83632 
1.86409 
1.84127 
1.86135 
1.88108 
1.86118 
1.85985 
1.83787 
1.91353 
1.8472 
1.82917 
1.85545 
1.88558 
1.86166 
1.84177 
1.8468 
1.88026 
1.86999 
1.89991 
1.884 
1.90689 
1.86262 
1.8388 
1.8626 
1.87742 
1.84783 
1.87402 
1.85992 
1.87308 
1.85791 
1.86809 
1.85591 
1.8614 
1.85935 
1.87235 
1.85089 
1.86141 
1.89147 
1.88616 
1.88675 
1.82632 
1.90496 
1.87719 
1.83252 
1.87401 
1.84676 
1.82306 
1.85036 
1.86515 
1.82534 
1.85795 
1.88566 
1.85087 
1.82786 
1.87617 
1.85645 
1.88178 
1.8609 
1.86074 
1.86987 
1.88645 
1.86179 
1.86166 
1.87564 
1.85816 
1.84889 
1.84095 
1.83249 
1.83791 
1.86355 
1.84504 
1.86894 
1.85134 
1.89592 
1.84646 
1.90219 
1.86552 
1.8707 
1.85001 
1.88746 
1.8611 
1.84532 
1.85648 
1.84685 
1.8385 
1.90182 
1.86665 
1.83534 
1.85343 
1.84488 
1.8793 
1.8463 
1.83904 
1.87175 
1.88445 
1.8832 
1.86934 
1.85395 
1.8668 
1.86786 
1.87237 
1.85316 
1.8367 
1.86662 
1.86238 
1.82931 
1.88106 
1.84726 
1.86235 
1.87181 
1.85466 
1.83671 
1.86251 
1.86719 
1.83818 
1.84466 
1.83819 
1.84974 
1.8522 
1.84271 
1.87579 
1.85498 
1.85952 
1.84255 
1.86025 
1.87928 
1.82717 
1.87114 
1.86186 
1.88399 
1.84536 
1.87502 
1.85237 
1.83022 
1.86617 
1.84477 
1.8759 
1.87528 
1.86637 
1.83491 
1.83695 
1.86973 
1.82671 
1.88408 
1.86771 
1.82756 
1.84622 
1.81284 
1.8844 
1.84745 
1.87198 
1.86917 
1.87418 
1.8248 
1.89006 
1.83694 
1.87787 
1.84138 
1.8484 
1.83205 
1.87074 
1.88628 
1.84711 
1.84965 
1.84802 
1.83983 
1.82788 
1.84041 
1.88526 
1.82215 
1.88008 
1.83181 
1.89247 
1.87515 
1.84685 
1.85126 
1.87 
1.857 
1.88968 
1.83551 
1.86459 
1.87378 
1.82373 
1.86883 
1.82761 
1.85843 
1.86327 
1.86688 
1.83529 
1.89489 
1.85296 
1.8257 
1.87391 
1.87208 
1.87405 
1.85412 
1.84134 
1.8878 
1.84296 
1.86565 
1.84666 
1.85994 
1.84224 
1.86306 
1.84636 
1.88953 
1.85194 
1.86323 
1.85767 
1.88269 
1.85325 
1.87085 
1.88909 
1.85392 
1.84844 
1.88584 
1.833 
1.84832 
1.83643 
1.844 
1.83172 
1.85963 
1.91019 
1.86222 
1.85498 
1.88254 
1.86667 
1.85477 
1.87295 
1.86467 
1.84811 
1.85074 
1.84431 
1.85341 
1.88248 
1.85088 
1.84227 
1.86425 
1.83027 
1.85772 
1.89192 
1.86354 
1.87097 
1.87785 
1.86765 
1.86994 
1.89858 
1.85318 
1.85749 
1.84978 
1.86544 
1.83481 
1.86301 
1.85983 
1.85455 
1.86729 
1.89084 
1.90717 
1.83891 
1.82999 
1.85638 
1.84514 
1.88301 
1.85196 
1.8815 
1.84448 
1.84286 
1.86033 
1.87269 
1.84348 
1.84706 
1.87518 
1.85666 
1.87062 
1.8566 
1.85645 
1.87566 
1.84526 
1.88241 
1.85303 
1.85249 
1.86135 
1.83398 
1.87207 
1.83352 
1.86535 
1.86156 
1.86574 
1.86909 
1.86212 
1.86444 
1.87403 
1.88362 
1.8658 
1.83397 
1.85798 
1.82712 
1.89269 
1.91174 
1.82486 
1.87464 
1.83897 
1.89413 
1.86268 
1.88561 
1.85915 
1.86745 
1.85113 
1.87141 
1.84923 
1.85555 
1.84761 
1.84675 
1.84089 
1.86174 
1.85749 
1.86846 
1.88052 
1.84773 
1.8548 
1.89395 
1.88129 
1.86377 
1.88153 
1.85338 
1.83586 
1.85878 
1.85622 
1.84967 
1.90134 
1.88395 
1.87418 
1.86514 
1.875 
1.84511 
1.8502 
1.86859 
1.85687 
1.84522 
1.87053 
1.86095 
1.88563 
1.86495 
1.85217 
1.81949 
1.86942 
1.85288 
1.84775 
1.8827 
1.87399 
1.9112 
1.85666 
1.84021 
1.88444 
1.83346 
1.8586 
1.87299 
1.83211 
1.8425 
1.88652 
1.87265 
1.81314 
1.87211 
1.90631 
1.8733 
1.85446 
1.8421 
1.87509 
1.83552 
1.87778 
1.88402 
1.87262 
1.84682 
1.88519 
1.84711 
1.83291 
1.83595 
1.87014 
1.89979 
1.87813 
1.84941 
1.85736 
1.88683 
1.82804 
1.8831 
1.83993 
1.86189 
1.84224 
1.86534 
1.87606 
1.90188 
1.89823 
1.88002 
1.87386 
1.84858 
1.83401 
1.89666 
1.88622 
1.88681 
1.88299 
1.88379 
1.8913 
1.86747 
1.85163 
1.85462 
1.82886 
1.88038 
1.86312 
1.8712 
1.82441 
1.85006 
1.84156 
1.86202 
1.88224 
1.85081 
1.86742 
1.83574 
1.86055 
1.84759 
1.82869 
1.85635 
1.87134 
1.83679 
1.83049 
1.84225 
1.86629 
1.82667 
1.85493 
1.85611 
1.89889 
1.86777 
1.82394 
1.91159 
1.86798 
1.853 
1.85503 
1.84716 
1.85891 
1.86593 
1.84465 
1.88777 
1.85188 
1.85358 
1.8633 
1.80993 
1.83537 
1.86907 
1.82965 
1.85995 
1.86088 
1.8493 
1.84409 
1.8363 
1.89264 
1.84644 
1.8551 
1.86545 
1.89183 
1.86943 
1.84909 
1.85348 
1.84214 
1.88774 
1.88861 
1.89728 
1.89931 
1.83247 
1.88718 
1.88296 
1.85829 
1.87662 
1.84337 
1.83613 
1.85963 
1.8401 
1.89183 
1.87726 
1.86654 
1.87871 
1.86589 
1.8402 
1.88419 
1.88498 
1.83975 
1.86838 
1.86063 
1.8925 
1.8388 
1.87412 
1.89316 
1.90286 
1.87082 
1.86938 
1.84634 
1.84947 
1.87376 
1.87318 
1.84897 
1.86415 
1.86451 
1.88041 
1.85609 
1.87538 
1.88771 
1.84327 
1.84762 
1.836 
1.8449 
1.8639 
1.86926 
1.86677 
1.88752 
1.82933 
1.87045 
1.84554 
1.80971 
1.86088 
1.88016 
1.84185 
1.87654 
1.87025 
1.85959 
1.84205 
1.85778 
1.86386 
1.85893 
1.87202 
1.85003 
1.83098 
1.88491 
1.85761 
1.88614 
1.86308 
1.89717 
1.85408 
1.87233 
1.84424 
1.85005 
1.85361 
1.85008 
1.8404 
1.82424 
1.86779 
1.9058 
1.85086 
1.8858 
1.82044 
1.81267 
1.90027 
1.87787 
1.85932 
1.8745 
1.84939 
1.86272 
1.79125 
1.86901 
1.88712 
1.84673 
1.87727 
1.84215 
1.84714 
1.86013 
1.87893 
1.84622 
1.87764 
1.87017 
1.85749 
1.84168 
1.88112 
1.89079 
1.85956 
1.87043 
1.82594 
1.89355 
1.81524 
1.86569 
1.9007 
1.86848 
1.86085 
1.86166 
1.87016 
1.81097 
1.86223 
1.87772 
1.87699 
1.83786 
1.84737 
1.85793 
1.86458 
1.86502 
1.91563 
1.85685 
1.86364 
1.8362 
1.8532 
1.85487 
1.88381 
1.87518 
1.86948 
1.84276 
1.89785 
1.8827 
1.85194 
1.83072 
1.86678 
1.85784 
1.85968 
1.82423 
1.85007 
1.83356 
1.88523 
1.87433 
1.83847 
1.87051 
1.88884 
1.88646 
1.88467 
1.88607 
1.79694 
1.89765 
1.85575 
1.84012 
1.85867 
1.87692 
1.86366 
1.86222 
1.8743 
1.86313 
1.84603 
1.86997 
1.85625 
1.84068 
1.83291 
1.90364 
1.85209 
1.86727 
1.85781 
1.85006 
1.85293 
1.86428 
1.86633 
1.87701 
1.88271 
1.87725 
1.86189 
1.86849 
1.86778 
1.86931 
1.84522 
1.85499 
1.92034 
1.9044 
1.87052 
1.8666 
1.85896 
1.88435 
1.82596 
1.88058 
1.84962 
1.82244 
1.89643 
1.8461 
1.88512 
1.85315 
1.88554 
1.87204 
1.84723 
1.87578 
1.88598 
1.88128 
1.84163 
1.88405 
1.86149 
1.89956 
1.84769 
1.87436 
1.85252 
1.85427 
1.86874 
1.83836 
1.82342 
1.87848 
1.886 
1.86257 
1.84445 
1.91351 
1.82682 
1.88603 
1.82545 
1.87969 
1.86079 
1.8803 
1.89249 
1.85196 
1.87547 
1.85507 
1.85182 
1.87465 
1.83813 
1.87793 
1.84533 
1.88814 
1.87749 
1.86266 
1.85317 
1.86672 
1.82285 
1.86724 
1.88042 
1.87166 
1.88899 
1.8909 
1.90616 
1.85669 
1.86043 
1.89292 
1.82859 
1.84977 
1.8574 
1.87124 
1.82404 
1.83912 
1.88747 
1.87346 
1.86214 
1.87918 
1.851 
1.862 
1.86358 
1.88282 
1.86762 
1.87388 
1.84957 
1.85361 
1.86959 
1.85795 
1.88423 
1.83916 
1.85898 
1.83745 
1.85322 
1.8875 
1.82105 
1.88182 
1.84479 
1.86112 
1.86018 
1.85597 
1.87681 
1.81366 
1.87334 
1.83817 
1.90117 
1.85295 
1.87162 
1.83319 
1.85484 
1.88234 
1.8396 
1.89906 
1.85744 
1.84659 
1.84281 
1.89016 
1.8716 
1.87796 
1.8665 
1.86155 
1.85778 
1.84421 
1.88302 
1.85909 
1.87713 
1.87932 
1.83393 
1.88641 
1.86148 
1.86238 
1.89972 
1.85426 
1.87782 
1.84052 
1.8567 
1.85475 
1.89607 
1.86344 
1.83677 
1.84371 
1.85173 
1.86251 
1.86678 
1.81703 
1.89731 
1.87137 
1.87225 
1.88708 
1.85358 
1.86737 
1.87801 
1.84086 
1.8626 
1.88586 
1.88745 
1.89224 
1.82576 
1.87907 
1.84289 
1.84027 
1.90453 
1.87807 
1.87736 
1.85009 
1.87981 
1.84086 
1.85938 
1.87508 
1.85388 
1.8394 
1.87129 
1.85732 
1.84935 
1.85988 
1.86083 
1.87458 
1.88205 
1.87348 
1.84691 
1.85715 
1.86852 
1.84311 
1.87799 
1.85887 
1.88587 
1.87349 
1.85402 
1.85099 
1.85285 
1.88861 
1.86309 
1.85099 
1.87002 
1.87176 
1.90336 
1.86794 
1.85927 
1.87336 
1.83553 
1.86918 
1.84912 
1.87899 
1.86702 
1.81848 
1.88392 
1.86136 
1.87772 
1.84354 
1.86781 
1.85397 
1.82887 
1.87519 
1.84798 
1.87003 
1.84932 
1.86734 
1.87204 
1.88569 
1.8933 
1.88257 
1.84281 
1.87683 
1.87952 
1.85001 
1.8645 
1.82648 
1.88779 
1.8763 
1.92285 
1.87613 
1.80807 
1.84794 
1.86141 
1.87567 
1.8728 
1.89527 
1.87925 
1.84488 
1.87961 
1.86159 
1.86598 
1.86147 
1.89166 
1.89427 
1.85218 
1.85995 
1.85756 
1.85569 
1.85697 
1.85048 
1.8823 
1.87324 
1.87407 
1.87395 
1.85007 
1.85937 
1.84368 
1.85287 
1.90536 
1.89884 
1.88031 
1.86884 
1.87646 
1.86599 
1.85628 
1.90362 
1.85399 
1.84376 
1.84098 
1.85963 
1.85926 
1.86386 
1.85914 
1.87082 
1.85365 
1.84737 
1.85765 
1.87609 
1.84085 
1.81832 
1.86992 
1.86516 
1.81534 
1.8173 
1.86141 
1.89532 
1.86099 
1.89132 
1.87276 
1.84162 
1.8687 
1.88375 
1.84811 
1.87717 
1.85547 
1.88133 
1.86646 
1.86935 
1.86631 
1.84498 
1.88665 
1.87842 
1.82544 
1.88125 
1.87621 
1.84969 
1.90097 
1.89766 
1.89079 
1.81693 
1.83784 
1.85197 
1.85531 
1.84811 
1.89457 
1.83394 
1.91043 
1.86781 
1.86534 
1.83636 
1.89245 
1.83618 
1.87021 
1.87692 
1.85723 
1.8371 
2.04387 
1.98648 
1.72107 
1.87605 
1.75116 
1.92839 
2.02014 
1.79159 
1.94226 
1.91601 
1.84669 
1.72862 
1.84826 
1.89598 
1.71696 
1.81692 
2.0196 
1.94931 
1.85587 
1.69483 
1.79532 
2.04455 
1.94809 
1.8695 
1.72504 
1.96382 
1.86304 
1.91514 
1.72902 
1.88215 
1.81488 
1.77616 
1.71225 
1.91135 
1.73452 
1.86471 
1.79337 
1.69376 
1.75885 
1.98203 
1.71586 
1.85098 
1.83332 
1.94408 
2.05062 
1.70107 
1.86507 
1.89658 
1.9849 
1.95525 
1.9952 
1.71572 
2.01218 
2.04622 
2.00902 
1.6934 
1.824 
1.88597 
1.91986 
1.92585 
1.87221 
1.97815 
1.98152 
1.77274 
1.79066 
1.83033 
1.95693 
1.87251 
1.76182 
1.70826 
1.71894 
1.85465 
2.04535 
2.02699 
1.78563 
1.72384 
1.76043 
1.81158 
2.03087 
1.80015 
2.00088 
1.97694 
1.69072 
1.71133 
1.81869 
1.72658 
1.68938 
1.94969 
1.84253 
2.04895 
1.79994 
1.74764 
1.98357 
1.72945 
1.8122 
1.88401 
1.78149 
1.72561 
1.8428 
1.77494 
1.74748 
1.76391 
1.88808 
1.93014 
1.96449 
1.71924 
2.0335 
1.99011 
2.01403 
1.75166 
1.82056 
1.95022 
1.98578 
1.99324 
1.71962 
1.93525 
1.81238 
2.0504 
1.88618 
1.98084 
1.95365 
1.75096 
1.93377 
1.75263 
2.00601 
1.90953 
1.79613 
2.03685 
1.86945 
1.94186 
1.72499 
1.92415 
1.6804 
1.86602 
1.99323 
1.9462 
1.83473 
1.74734 
1.94949 
1.83873 
2.02428 
1.99612 
1.89152 
1.81143 
1.90883 
1.8358 
1.72326 
1.84094 
1.83564 
1.7201 
1.9785 
1.71613 
1.79874 
1.91317 
1.68238 
1.85058 
1.79502 
1.96869 
1.9916 
1.73896 
1.80897 
1.70889 
1.82108 
1.8447 
1.76383 
1.68203 
1.71299 
1.69191 
1.69057 
2.02169 
1.78588 
1.76233 
1.90204 
1.95875 
1.87536 
2.01458 
2.0543 
1.80517 
1.85544 
1.76056 
1.94806 
2.00641 
1.72909 
2.03856 
1.92707 
1.71402 
1.98297 
1.99102 
1.69535 
1.74648 
1.9813 
1.88552 
1.94755 
1.98491 
1.87112 
1.98373 
1.7021 
1.73733 
1.69631 
1.85691 
1.77625 
2.01397 
1.83071 
1.78798 
1.8309 
2.05048 
2.00513 
2.02608 
1.91512 
1.78564 
1.8263 
1.91318 
2.00485 
1.7633 
1.94867 
1.82669 
2.01962 
2.03022 
1.77841 
1.93949 
1.73696 
2.01269 
1.70547 
1.90139 
1.75451 
2.00269 
1.72545 
1.849 
2.00006 
1.80173 
1.72538 
2.02115 
2.04301 
1.72708 
1.95233 
1.97725 
1.89883 
1.97223 
1.80463 
1.8856 
1.71613 
1.78291 
1.91778 
1.8797 
1.9656 
2.00858 
2.04354 
1.86185 
1.90199 
1.81131 
2.02455 
1.97504 
1.94328 
2.00159 
2.0337 
1.93219 
1.8707 
2.00766 
1.87244 
1.9171 
1.82846 
2.04523 
1.80026 
1.93973 
1.68289 
1.92507 
1.97226 
2.0088 
2.03487 
1.77786 
2.00211 
2.02152 
1.85526 
1.70234 
1.96773 
1.75602 
1.9131 
1.69456 
1.97504 
1.94738 
2.02731 
1.71368 
1.9822 
1.70258 
1.97495 
1.94606 
1.70388 
2.00448 
2.03459 
1.71751 
1.79959 
1.92447 
1.69788 
1.77922 
1.83843 
1.80303 
1.68884 
1.93037 
1.92003 
2.00926 
1.79129 
1.68448 
1.70679 
1.70797 
1.83353 
1.91483 
1.93768 
2.03623 
1.98267 
1.78158 
1.68105 
1.98011 
1.73798 
1.68801 
1.78982 
1.75368 
1.73767 
1.78009 
1.96609 
1.88791 
1.81311 
1.998 
1.82659 
1.86132 
1.8988 
2.05766 
1.80143 
1.95501 
1.69615 
1.88764 
1.9275 
1.89897 
2.0441 
1.69061 
1.72138 
1.88184 
1.98489 
1.95014 
1.9272 
1.68678 
1.80527 
1.69269 
1.88654 
2.03058 
1.81755 
1.85872 
1.82902 
1.83828 
1.95087 
1.87687 
1.85431 
1.73594 
1.76768 
1.80639 
1.72599 
1.70503 
2.00829 
1.91354 
1.75402 
2.01693 
1.82375 
1.74562 
1.98904 
1.71422 
2.00697 
1.7896 
2.04483 
1.89289 
1.89371 
1.8765 
2.02928 
1.80528 
1.96483 
1.70889 
1.68786 
1.7335 
1.69068 
1.78658 
1.81821 
1.78411 
1.76249 
1.78016 
1.82004 
1.96768 
2.04665 
1.79305 
1.80046 
1.68168 
1.90243 
1.90295 
1.89725 
1.83034 
1.87693 
1.91756 
1.80743 
2.02045 
1.97387 
1.7714 
1.86774 
1.76572 
1.77821 
1.81038 
2.02473 
2.03695 
1.78244 
1.91507 
1.92214 
1.86879 
1.77579 
1.92527 
1.73654 
1.84287 
2.04782 
1.99312 
1.87727 
1.99413 
2.00364 
1.93153 
1.86976 
1.87416 
1.92 
1.85635 
1.81902 
1.76225 
1.82314 
1.82094 
1.98509 
1.99225 
1.94826 
1.69283 
1.99167 
1.83724 
1.71073 
1.68093 
1.74516 
1.87171 
1.71457 
1.8445 
1.78555 
2.0136 
1.71872 
1.77731 
1.93054 
1.79832 
1.91169 
2.04992 
1.915 
2.0408 
1.93385 
1.71606 
1.85574 
1.90867 
1.77917 
1.99381 
1.93088 
1.88224 
1.99736 
1.90263 
1.94547 
1.71963 
1.82009 
1.7926 
1.68345 
1.69721 
1.83623 
1.90732 
1.78916 
1.96484 
1.85402 
1.90205 
1.97821 
1.98755 
1.82564 
1.80056 
1.92559 
1.70371 
1.90443 
2.05992 
2.03464 
1.84274 
1.71119 
1.92538 
1.93007 
1.96936 
1.7348 
2.01878 
1.82595 
1.74906 
1.69575 
1.82759 
2.02924 
1.80893 
1.89967 
1.82087 
1.97307 
1.79402 
1.69576 
1.91246 
1.86801 
1.76731 
1.88299 
1.72609 
1.77229 
1.98295 
1.80742 
1.88458 
1.95068 
1.94045 
2.04176 
1.71668 
1.70696 
1.75523 
2.01019 
2.0063 
1.86276 
1.84974 
1.94855 
1.9329 
1.79393 
1.76446 
1.7826 
1.8504 
2.02087 
1.91167 
1.68882 
1.99222 
1.73435 
1.93191 
1.75449 
1.74922 
1.95434 
1.71158 
1.73153 
1.9996 
1.71991 
1.70114 
1.93591 
1.81389 
1.68385 
1.85837 
2.02374 
1.72993 
1.96759 
1.86343 
1.84258 
1.71101 
1.99894 
1.82826 
1.75252 
1.93064 
1.8196 
1.92835 
1.86085 
1.74464 
1.9176 
2.00126 
1.86563 
1.78318 
1.74159 
1.68001 
1.78859 
1.92729 
1.75579 
1.77222 
1.8504 
1.73463 
1.73261 
1.80845 
1.76439 
1.94757 
1.88066 
1.76426 
1.76972 
1.8356 
1.79961 
1.88752 
2.03632 
1.83962 
1.90575 
1.95653 
1.91921 
1.93278 
1.82474 
1.80989 
1.93137 
1.85783 
1.88511 
1.82104 
1.70133 
1.95487 
1.83216 
1.85241 
1.74581 
1.89349 
1.77921 
1.82765 
1.7745 
1.72127 
1.91399 
1.88155 
1.82081 
1.75349 
1.73987 
1.76468 
1.90782 
1.94738 
1.87278 
2.00379 
1.70879 
1.89993 
1.7291 
1.70653 
2.00969 
1.87997 
1.85522 
1.95629 
1.78362 
2.00832 
1.70752 
1.78838 
1.95766 
1.82741 
1.98693 
2.04909 
1.69958 
1.7534 
2.04464 
2.01186 
1.83221 
1.93843 
1.68287 
1.82962 
1.70301 
1.98188 
1.90702 
1.91572 
1.69215 
1.99312 
1.68993 
1.73732 
1.7807 
1.85492 
1.78391 
1.76409 
1.72169 
1.71335 
1.98301 
1.74839 
1.8722 
1.87689 
1.78853 
1.77334 
1.82933 
1.97135 
2.0228 
1.76854 
1.80236 
1.92644 
1.68592 
2.04063 
1.99839 
1.75366 
2.04909 
1.69006 
1.91449 
1.79052 
1.75963 
1.86986 
1.72704 
1.9506 
1.76137 
2.05287 
2.01397 
1.70247 
1.80314 
1.89546 
1.76036 
1.96605 
1.91348 
2.02569 
1.75832 
1.68951 
2.04889 
2.03531 
1.68618 
1.70007 
1.85204 
2.04405 
1.90521 
2.0382 
1.80264 
1.94637 
1.80773 
2.01765 
1.91182 
1.76004 
1.74721 
1.88633 
1.80404 
1.9669 
1.77745 
1.90225 
1.94816 
1.77577 
1.68794 
1.8282 
1.74356 
1.74261 
1.89999 
1.8487 
2.01324 
1.74608 
1.81743 
1.83279 
1.98747 
1.90019 
1.80133 
1.79976 
1.96108 
1.99586 
1.94015 
1.74165 
1.84897 
1.93424 
1.71836 
1.82072 
1.96713 
1.79588 
1.9187 
1.99802 
1.86267 
1.68994 
1.86733 
1.99121 
1.85068 
1.86485 
2.01386 
1.94965 
1.80875 
2.00757 
1.83662 
1.79206 
1.85588 
2.05493 
1.79797 
1.97597 
1.80803 
1.98414 
1.8881 
1.85019 
1.85763 
1.87669 
1.73359 
2.04521 
1.81972 
1.71811 
1.91435 
1.82982 
1.68979 
1.88336 
2.03866 
1.75044 
1.72003 
1.81489 
1.91297 
1.81077 
1.88282 
1.79184 
1.72639 
1.84216 
1.84123 
1.85567 
2.00951 
2.00479 
2.03288 
1.81363 
1.87873 
1.86588 
1.9236 
1.73384 
1.77016 
1.92328 
1.775 
1.89963 
1.75143 
1.70089 
1.78001 
1.75917 
1.79523 
2.01215 
1.76804 
1.80124 
1.85298 
1.73838 
1.99861 
1.72176 
1.81515 
1.84679 
1.68119 
1.85327 
1.83672 
1.70416 
1.68742 
2.01659 
1.86851 
1.68084 
1.84621 
1.77429 
1.70816 
1.76376 
1.87014 
1.77027 
1.90206 
1.74102 
1.88739 
1.95191 
1.99247 
1.7367 
2.01391 
1.73667 
1.68692 
1.99773 
1.71493 
1.9833 
1.76737 
1.78501 
1.77878 
1.69676 
1.87846 
1.6939 
1.72256 
1.87213 
1.82686 
1.78361 
1.71932 
1.69953 
1.7028 
2.00379 
1.99062 
1.71697 
1.96078 
1.71332 
1.68078 
1.88916 
1.68924 
1.94136 
1.87222 
1.94611 
1.72627 
1.87783 
1.8104 
1.71017 
1.94346 
1.7333 
1.89122 
1.75075 
1.68797 
1.9724 
1.68908 
1.80652 
2.00229 
2.01642 
1.69165 
1.81905 
1.75375 
1.75392 
1.75024 
1.77245 
1.87981 
1.98771 
1.77107 
1.95549 
1.91302 
1.78222 
1.88342 
2.01077 
1.84239 
1.96703 
1.73437 
1.74816 
1.68284 
1.88603 
1.97184 
1.89417 
1.82629 
1.87326 
1.87636 
1.83268 
1.79886 
1.90704 
1.77758 
1.96932 
1.72219 
1.77498 
1.90605 
1.87604 
1.80545 
1.99059 
1.80601 
1.94427 
1.70363 
1.91453 
1.8731 
1.83913 
1.9101 
1.72493 
1.97275 
1.71272 
1.75383 
1.95735 
1.92575 
1.6912 
1.90698 
1.87076 
1.92656 
1.85683 
1.83953 
1.77174 
1.89794 
1.93676 
1.68236 
1.74349 
1.77503 
1.74901 
1.84981 
2.04211 
1.95082 
1.77349 
2.02114 
1.75133 
1.76926 
1.70881 
2.01334 
1.90093 
1.7098 
1.87336 
1.73468 
1.99669 
2.05642 
1.79914 
1.9001 
1.75413 
1.94038 
1.69427 
2.04293 
1.89636 
2.02767 
1.83745 
1.90923 
1.8231 
1.99199 
1.96582 
1.89033 
1.78685 
1.86523 
1.76373 
1.76378 
1.73656 
1.9247 
1.76848 
1.84997 
1.76347 
1.73233 
1.7658 
2.00095 
2.00484 
1.70312 
1.94688 
1.7214 
1.7334 
1.83582 
1.90965 
1.86126 
1.93725 
1.91235 
2.02606 
1.93405 
1.7646 
2.0594 
1.69661 
1.90372 
1.80431 
1.70046 
2.04437 
1.87401 
1.99239 
1.96797 
1.91347 
1.84087 
1.85448 
1.81252 
1.91359 
1.94477 
1.71469 
1.68496 
1.92548 
2.05748 
1.82637 
1.96756 
1.81962 
2.01583 
1.82791 
1.80753 
1.6818 
1.82056 
1.68874 
1.99744 
1.93888 
1.74691 
1.68383 
1.98623 
1.74257 
1.7746 
1.88022 
2.00804 
1.90504 
2.05697 
1.86063 
1.74787 
1.92413 
1.93556 
1.72074 
1.70107 
1.7116 
1.85006 
1.68368 
1.86583 
1.8663 
1.71016 
1.75621 
1.88964 
1.95404 
1.95012 
1.92882 
1.98976 
1.7984 
1.68665 
1.86592 
1.70522 
1.76848 
1.71791 
1.89518 
1.90968 
1.85248 
1.82595 
1.85386 
1.99436 
1.85053 
1.81062 
2.05506 
2.00443 
1.78186 
