0.522701
0.553645
0.538515
-4.02315
0.512994
0.539972
0.543687
0.549877
0.572048
0.514436
0.538988
0.550054
0.568044
0.526224
0.541957
0.538217
0.491292
0.528794
0.521109
0.527021
0.523675
0.538403
0.497867
0.534635
0.544758
0.543921
0.487236
0.542956
0.536455
0.524941
0.528494
0.52916
0.532686
0.515836
0.515046
0.544573
0.534749
0.501922
0.527369
0.551612
0.531509
0.518163
0.522107
0.548947
0.503943
0.515497
0.502886
0.5169
0.549837
0.5212
0.501468
0.547152
0.516485
0.545286
0.529371
0.525432
0.517462
0.498832
0.58962
0.526185
0.545062
0.503854
0.524626
0.525281
0.522966
0.526153
0.521308
0.537133
0.531529
0.570515
0.515683
0.553455
0.508085
0.526654
0.508979
0.51908
0.478789
0.497038
0.524283
0.521896
0.538568
0.530974
0.510046
0.5295
0.517781
0.523446
0.524888
0.50523
0.549798
0.536651
0.487945
0.521109
0.522603
0.552716
0.502054
0.552447
0.584039
0.576528
0.511349
0.516
0.523585
0.53245
0.523987
0.557017
0.531965
0.51463
0.522332
0.545521
0.541427
0.542192
0.510498
0.526751
0.528299
0.503322
0.535543
0.518353
0.512769
0.507115
0.525631
0.507977
0.498138
0.550987
0.516432
0.532878
0.521972
0.557395
0.527075
0.548037
0.532229
0.500192
0.514741
0.515868
0.532807
0.571551
0.506439
0.562253
0.507612
0.509184
0.475386
0.544184
0.5213
0.530407
0.508625
0.517295
0.529366
0.522932
0.522136
0.516348
0.509123
0.543246
0.507915
0.532224
0.501086
0.52467
0.527131
0.529763
0.521458
0.533725
0.531821
0.543872
0.555102
0.522514
0.57115
0.533497
0.586315
0.511765
0.513917
0.526467
0.533251
0.524477
0.518657
0.512064
0.519976
0.519274
0.570379
0.538642
0.532859
0.536776
0.565268
0.520579
0.519262
0.519076
0.55831
0.520304
0.540066
0.53511
0.507759
0.519606
0.537623
0.526601
0.589903
0.508681
0.516296
0.525185
0.522338
0.554674
0.511957
0.547127
0.51079
0.538989
0.54063
0.514205
0.524423
0.540813
0.538726
0.519744
0.50155
0.558087
0.539245
0.540244
0.521702
0.546091
0.534372
0.530284
0.517373
0.53103
0.538566
0.489192
0.538009
0.515778
0.516326
0.535942
0.558077
0.529658
0.5136
0.563867
0.501815
0.543165
0.56063
0.57124
0.582862
1.62825
0.522019
0.518408
0.52389
0.510964
0.553035
0.514214
0.523393
0.512888
0.524313
0.531197
0.507371
0.548365
0.532012
0.529152
0.51185
0.527442
0.519027
0.539439
0.521362
0.534642
0.561793
0.523869
0.51591
0.528791
0.523625
0.517873
0.522632
0.529379
0.517713
0.560782
0.510722
0.529302
0.503425
0.548146
0.541976
0.518487
0.530585
0.571737
0.534958
0.486351
0.515276
0.542224
0.544125
0.513518
0.529595
0.565781
0.528417
0.533215
0.545252
0.528059
0.526534
0.501593
0.553298
0.4835
0.534329
0.491213
0.532337
0.554983
0.51159
0.498975
0.516591
0.521566
0.539988
0.548861
0.528134
0.499052
0.508387
0.500755
0.540456
0.536747
0.519916
0.533001
0.529193
0.508158
0.599875
0.518324
0.504533
0.522043
0.514114
0.533568
0.514472
0.518837
0.523482
0.495563
0.565071
0.541304
0.519201
0.551692
0.527191
0.51724
0.545448
0.597505
0.555636
0.50858
0.516694
0.537714
0.491901
0.524717
0.512668
0.512116
0.568125
0.50398
0.527759
0.546411
0.512921
0.532104
0.530779
0.502736
0.550598
0.544718
0.534925
0.490738
0.518596
0.534955
0.522772
0.522419
0.507606
0.496472
0.541876
0.528375
0.530581
0.53647
0.517389
0.56938
0.524778
0.499459
0.504483
0.523942
0.51217
0.508167
0.51869
0.584552
0.514531
0.518228
0.523783
0.540073
0.539246
0.513622
0.498146
0.514803
0.507726
0.51593
0.517899
0.559649
0.529862
0.505685
0.514687
0.540588
0.4939
0.528098
0.534653
0.492735
0.564494
0.526543
0.540927
0.496608
0.525179
0.506703
0.576135
0.523833
0.524084
0.523658
0.500848
0.503109
0.526938
0.549515
0.514287
0.539494
0.567816
0.525639
0.530902
0.538827
0.529129
0.555714
0.55001
0.514099
0.535516
0.543494
0.524205
0.511418
0.533755
0.520221
0.51498
0.500447
0.545522
0.463694
0.559861
0.524497
0.548968
0.551689
0.524344
0.52123
0.519969
0.523073
0.559155
0.564841
0.541729
0.536844
0.505721
0.516731
0.512863
0.533461
0.547919
0.526218
0.560977
0.539268
0.516344
0.520849
0.501229
0.53319
0.537884
0.53952
0.5319
0.505969
0.556932
0.500023
0.529165
0.516636
0.540632
0.513251
0.534503
0.551691
0.514832
0.538432
0.510061
0.53383
0.538141
0.515699
0.561073
0.504521
0.516452
0.545097
0.520044
0.515413
0.512476
0.536993
0.523165
0.527804
0.528344
0.557294
0.525807
0.524604
0.519809
0.534572
0.516613
0.532177
0.51599
0.535704
0.493757
0.573258
0.500021
0.523609
0.552506
0.517799
0.53797
0.532133
0.511809
0.536711
0.539905
0.505281
0.51253
0.533086
0.561455
0.52373
0.520695
0.55241
0.514315
0.541585
0.514004
0.524348
0.528159
0.511569
0.515406
0.529437
0.529868
0.534383
0.527961
0.527278
0.634198
0.5305
0.50969
0.464888
0.525441
0.510912
0.521395
0.53917
0.511451
0.526039
0.532013
0.58101
0.541926
0.540163
0.547528
0.545235
0.555212
0.530437
0.496353
0.513555
0.52903
0.519401
0.519177
0.524256
0.571552
0.544231
0.500158
0.543049
0.515272
0.536771
0.537371
0.530442
0.503471
0.53102
0.511332
0.515704
0.509766
0.542737
0.495462
0.534017
0.542824
0.519658
0.497325
0.543589
0.526512
0.509557
0.531268
0.501349
0.521913
0.548245
0.55292
0.461489
0.561335
0.512209
0.522175
0.541591
0.512223
0.551712
0.521458
0.510903
0.528286
0.516476
0.509923
0.544214
0.553375
0.533178
0.536396
0.528165
0.530011
0.503185
0.52905
0.50495
0.509578
0.54471
0.527463
0.513268
0.513564
0.514843
0.530533
0.522162
0.487776
0.524454
0.535603
0.542284
0.518138
0.53707
0.535702
0.523675
0.517191
0.499802
0.529136
0.53325
0.517885
0.511253
0.518438
0.518376
0.543502
0.51074
0.548439
0.544644
0.531476
0.545749
0.536477
0.51356
0.488891
0.540395
0.601037
0.530988
0.509154
0.532082
0.554762
0.531192
0.54386
0.512232
0.550424
0.56372
0.515437
0.525931
0.512161
0.520797
0.527038
0.514221
0.506094
0.511273
0.511501
0.520033
0.533256
0.557352
0.564858
0.527958
0.501989
0.512061
0.52351
0.48088
0.504636
0.531591
0.53254
0.506069
0.517212
0.527389
0.511517
0.545012
0.538391
0.563795
0.53351
0.528702
0.508082
0.519017
0.54474
0.509938
0.528533
0.515478
0.532748
0.510462
0.537038
0.537655
0.508651
0.516103
0.536294
0.508081
0.505053
0.535783
0.537474
0.521026
0.515251
0.537169
0.556738
0.55295
0.545924
0.541597
0.529091
0.519414
0.538851
0.541052
0.534298
0.550042
0.52222
0.51597
0.542631
0.542066
0.530872
0.534751
0.513531
0.488789
0.51482
0.535919
0.523132
0.519861
0.53202
0.547232
0.534597
0.561517
0.519747
0.527854
0.534747
0.545538
0.545161
0.531115
0.527146
0.542301
0.499982
0.519335
0.501276
0.555869
0.52467
0.509445
0.532916
0.523567
0.525786
0.542951
0.509148
0.528324
0.546314
0.503828
0.507141
0.52194
0.453149
0.520131
0.538231
0.548658
0.560988
0.513894
0.547904
0.537129
0.509479
0.519239
0.564521
0.520925
0.534323
0.526975
0.518556
0.52424
0.518319
0.514429
0.550199
0.574702
0.522692
0.505219
0.525124
0.528221
0.568515
0.525268
0.500764
0.526881
0.502088
0.543804
0.485496
0.515634
0.544029
0.54388
0.524597
0.518546
0.504152
0.517584
0.535635
0.53489
0.525789
0.548973
0.554407
0.536906
0.511896
0.527222
0.488675
0.52284
0.550054
0.516019
0.491648
0.514864
0.517143
0.52112
0.505285
0.520699
0.501053
0.520617
0.516531
0.590504
0.500416
0.507073
0.51429
0.537446
0.576874
0.522513
0.557616
0.551183
0.521391
0.528188
0.501812
0.547334
0.529404
0.497695
0.498856
0.550267
0.514215
0.506949
0.523166
0.540491
0.525179
0.503485
0.52268
0.521655
0.515589
0.517873
0.519888
0.542427
0.533898
0.546829
0.528622
0.515043
0.539917
0.536448
0.499783
0.544088
0.529864
0.529421
0.511363
0.492461
0.516221
0.516047
0.540995
0.50567
0.536602
0.516114
0.540245
0.532846
0.484049
0.490976
0.525092
0.494366
0.531294
0.495725
0.520573
0.505085
0.520708
0.53009
0.534035
0.510627
0.526112
0.557429
0.505966
0.592394
0.511073
0.538055
0.534762
0.533525
0.537648
0.51101
0.597737
0.538693
0.522104
0.508268
0.523106
0.524215
0.489763
0.529765
0.531955
0.504971
0.554144
0.539967
0.514388
0.507915
0.530628
0.521892
0.517492
0.51872
0.520993
0.537148
0.538272
0.484004
0.53032
0.522669
0.522784
0.538971
0.519375
0.562123
0.523369
0.538931
0.584705
0.549994
0.537975
0.52565
0.543811
0.551482
0.535932
0.53271
0.493747
0.538334
0.532258
0.501323
0.544479
0.535075
0.52545
0.517455
0.524
0.505453
0.534005
0.539468
0.502579
0.519438
0.530922
0.525076
0.532339
0.54892
0.527128
0.538726
0.519229
0.515652
0.525708
0.527985
0.496834
0.507628
0.506158
0.532719
0.582008
0.530131
0.517409
0.517738
0.547101
0.516112
0.54288
0.51974
0.539292
0.518593
0.507902
0.547666
0.515
0.539228
0.534348
0.568786
0.549265
0.539877
0.52024
0.534003
0.48059
0.527159
0.499626
0.499938
0.528603
0.504743
0.532739
0.517801
0.537207
0.510908
0.519687
0.51433
0.531927
0.530293
0.504277
0.51717
0.505382
0.532345
0.48121
0.519123
0.539373
0.505436
0.515995
0.532754
0.545055
0.579269
0.516179
0.526853
0.511015
0.522213
0.52639
0.515876
0.528839
0.514668
0.545169
0.548932
0.487394
0.51237
0.52626
0.521806
0.534086
0.530036
0.529629
0.517623
0.575975
0.508538
0.545518
0.544635
0.516675
0.503653
0.528038
0.528053
0.516874
0.535531
0.531412
0.525095
0.521101
0.524995
0.503036
0.617198
0.544103
0.541435
0.545278
0.52258
0.526312
0.54958
0.533418
0.551261
0.509974
0.535818
0.527778
0.513855
0.515205
0.515698
0.50372
0.494954
0.513374
0.523762
0.525222
0.552917
0.558579
0.524059
0.510752
0.537589
0.499681
0.535128
0.505958
0.534247
0.558168
0.52414
0.551748
0.534635
0.533176
0.525869
0.51698
0.530495
0.527253
0.567846
0.562758
0.511992
0.520421
0.51229
0.514267
0.532059
0.515292
0.539938
0.536722
0.518366
0.523084
0.536203
0.510598
0.516447
0.533765
0.498411
0.504305
0.524938
0.515554
0.527074
0.538749
0.539547
0.526823
0.520147
0.520489
0.535103
0.506792
0.550794
0.529542
0.530919
0.567046
0.530787
0.526478
0.557134
0.54291
0.543157
0.501569
0.511863
0.532832
0.495059
0.51537
0.525307
0.536809
0.528118
0.512246
0.553495
0.510262
0.544416
0.522044
0.552933
0.524367
0.530202
0.532716
0.544771
0.514561
0.545925
0.513691
0.522535
0.52389
0.498848
0.507637
0.538401
0.53127
0.56173
0.523135
0.505684
0.534638
0.521861
0.526655
0.505382
0.535975
0.526372
0.542078
0.552734
0.541707
0.499192
0.540227
0.501776
0.522319
0.540856
0.517224
0.57859
0.516811
0.593754
0.523403
0.515719
0.539664
0.514974
0.561191
0.514412
0.527276
0.53966
0.502049
0.491794
0.538148
0.518172
0.541056
0.545314
0.558571
0.507125
0.5211
0.525453
0.509475
0.505989
0.543305
0.535076
0.569258
0.541229
0.500892
0.513697
0.504239
0.515377
0.533525
0.514766
0.529054
0.523895
0.481333
0.487782
0.525721
0.521467
0.525608
0.561351
0.515193
0.537185
0.520051
0.536926
0.515735
0.504737
0.548165
0.522217
0.52892
0.505154
0.506462
0.518939
0.512484
0.515279
0.565453
0.5229
0.518883
0.524235
0.51497
0.513427
0.52137
0.533866
0.537927
0.532482
0.520783
0.503523
0.570496
0.537998
0.513733
0.49967
0.527062
0.542783
0.54066
0.535117
0.585979
0.536518
0.537375
0.527824
0.535362
0.514764
0.587175
0.536131
0.549701
0.535664
0.512613
0.524944
0.547116
0.507241
0.518841
0.507829
-11.7665
0.52132
0.514703
0.495146
0.511518
0.520826
0.500068
0.533291
0.509883
0.513346
0.508642
0.522622
0.531608
0.544999
0.52592
0.534024
0.512256
0.554809
0.581882
0.511696
0.542528
0.520613
0.554543
0.489473
0.53006
0.520602
0.525323
0.524098
0.521348
0.507229
0.502009
0.525356
0.520776
0.501223
0.563872
0.528147
0.524047
0.526374
0.534135
0.492744
0.53132
0.519465
0.534554
0.539996
0.522245
0.540428
0.510428
0.52967
0.528458
0.544382
0.520945
0.523054
0.521361
0.556247
0.521655
0.516693
0.510686
0.529135
0.513504
0.531073
0.534565
0.504785
0.520763
0.485142
0.528839
0.516104
0.506435
0.525303
0.524522
0.534385
0.508631
0.539192
0.520869
0.596516
0.535195
0.504492
0.530473
0.515821
0.524724
0.49185
0.481612
0.518369
0.53548
0.524206
0.561835
0.530842
0.523398
0.533981
0.525724
0.509902
0.529314
0.521561
0.507585
0.502858
0.543432
0.560237
0.534992
0.501602
0.537498
0.514399
0.530301
0.536312
0.567834
0.545328
0.536687
0.527641
0.528814
0.525724
0.505513
0.501043
0.523403
0.554819
0.532864
0.531525
0.541734
0.566179
0.552002
0.523185
0.529242
0.527378
0.582817
0.526416
0.553034
0.495743
0.539579
0.522472
0.513199
0.515175
0.554648
0.515157
0.518707
0.523096
0.54045
0.519092
0.510993
0.515168
0.507565
0.528817
0.516586
0.529279
0.528233
0.516857
0.533137
0.581478
0.499883
0.510381
0.519948
0.538573
0.519712
0.514449
0.501549
0.526712
0.514083
0.512117
0.57772
0.518018
0.50523
0.546067
0.546117
0.527985
0.524025
0.534801
0.544136
0.521929
0.496926
0.512642
0.54892
0.498685
0.531482
0.546078
0.589214
0.507927
0.550417
0.550196
0.52496
0.506687
0.55316
0.509666
0.517265
0.51677
0.513723
0.499438
0.553204
0.552738
0.53342
0.533491
0.547534
0.520251
0.495597
0.503988
0.56304
0.529404
0.532283
0.53758
0.532436
0.529252
0.521537
0.490956
0.561411
0.50704
0.520282
0.520933
0.495748
0.538184
0.527352
0.512574
0.539986
0.52648
0.549682
0.517922
0.50257
0.531476
0.490505
0.525289
0.52067
0.525242
0.52491
0.54836
0.526489
0.47567
0.514206
0.516197
0.521479
0.516274
0.52982
0.540484
0.501014
0.539609
0.54464
0.562471
0.556893
0.526778
0.564452
0.508637
0.50926
0.614338
0.531181
0.526572
0.510579
0.505167
0.489226
0.537465
0.520098
0.54897
0.525891
0.534793
0.524941
0.538005
0.527769
0.500822
0.542151
0.557512
0.524403
0.518977
0.519779
0.541956
0.525983
0.532142
0.528845
0.503767
0.521507
0.529301
0.538269
0.565421
0.548982
0.510525
0.522306
0.545518
0.543208
0.51876
0.527763
0.536082
0.540194
0.528608
0.554837
0.549953
0.535937
0.562616
0.549387
0.539128
0.525293
0.530771
0.525782
0.524943
0.51631
0.529174
0.52128
0.594441
0.50498
0.522539
0.494143
0.520461
0.518737
0.526937
0.504849
0.538154
0.521847
0.569068
0.523944
0.525292
0.544403
0.535059
0.529119
0.556968
0.541804
0.510047
0.511277
0.525645
0.545408
0.554367
0.530182
0.537067
0.523521
0.551549
0.50496
0.529854
0.532942
0.514879
0.523522
0.520874
0.546108
0.560555
0.527028
0.55104
0.51434
0.507644
0.51301
0.553482
0.530554
0.577371
0.533039
0.508805
0.510525
0.557126
0.506987
0.525365
0.502555
0.505477
0.539808
0.520535
0.53132
0.560435
0.514359
0.52123
0.498041
0.51303
0.545041
0.52277
0.51998
0.52884
0.548526
0.55265
0.519607
0.510074
0.548834
0.503603
0.522206
0.526632
0.541576
0.538759
0.550096
0.501471
0.534068
0.563676
0.53266
0.513955
0.491723
0.540026
0.549373
0.519648
0.545151
0.521453
0.521636
0.527809
0.527183
0.485858
0.532137
0.527067
0.497499
0.511679
0.516674
0.522851
0.53946
0.539239
0.57863
0.549595
0.526546
0.526087
0.527744
0.507901
0.517547
0.540759
0.511861
0.53612
0.526481
0.521263
0.525856
0.534402
0.475098
0.509849
0.510222
0.508265
0.528042
0.541681
0.522446
0.516175
0.532928
0.509972
0.520103
0.530583
0.500063
0.515587
0.51052
0.515888
0.531766
0.534736
0.532435
0.545692
0.51871
0.544024
0.509187
0.579494
0.524178
0.553199
0.536711
0.537075
0.525988
0.522205
0.505126
0.510999
0.538741
0.52131
0.508898
0.504658
0.506885
0.519552
0.570144
0.509928
0.517831
0.537845
0.51699
0.548544
0.531923
0.527742
0.516413
0.533152
0.522885
0.529069
0.525185
0.50282
0.514181
0.516294
0.534553
0.523316
0.540759
0.506881
0.519105
0.548212
0.493332
0.578284
0.522564
0.52821
0.518999
0.496506
0.535974
0.509566
0.553041
0.54681
0.506084
0.543917
0.550207
0.527614
0.526821
0.508548
0.503669
0.507105
0.555821
0.516625
0.527673
0.513983
0.522834
0.52252
0.556315
0.51198
0.544945
0.511194
0.524033
0.528173
0.525487
0.524914
0.536236
0.533695
0.551018
0.550456
0.521902
0.541932
0.529584
0.512467
0.526437
4.07385
0.532842
0.511333
0.531323
0.596681
0.514154
0.553979
0.535681
0.52491
0.489678
0.550508
0.548078
0.540906
0.522423
0.549578
0.506093
0.560345
0.540153
0.503191
0.511405
0.505175
0.501763
0.544191
0.554774
0.516428
0.552524
0.530986
0.538318
0.529036
0.544444
0.519661
0.522954
0.517348
0.536315
0.509045
0.492471
0.557331
0.56266
0.537836
0.488038
0.535972
0.537451
0.52264
0.538079
0.531096
0.52596
0.516783
0.55693
0.513225
0.532377
0.512357
0.518714
0.524219
0.519607
0.50387
0.521099
0.546884
0.525696
0.529806
0.516238
0.52999
0.541968
0.521873
0.513172
0.554714
0.540644
0.533206
0.511217
0.536541
0.525846
0.576633
0.544448
0.550205
0.506426
0.523274
0.536922
0.519852
0.541328
0.552936
0.51909
0.571659
0.523234
0.52781
0.505189
0.537006
0.522939
0.527867
0.516613
0.580418
0.531864
0.5013
0.52458
0.510815
0.510225
0.503653
0.533702
0.529089
0.534464
0.519258
0.530253
0.51654
0.547809
0.521161
0.534875
0.523339
0.555727
0.498911
0.534659
0.515783
0.514607
0.508437
0.514
0.525903
0.517558
0.495282
0.50974
0.518442
0.561762
0.537427
0.535244
0.517131
0.573786
0.511658
0.554655
0.496076
0.524345
0.538494
0.536075
0.530458
0.545821
0.55377
0.507122
0.532941
0.544085
0.549032
0.520318
0.549852
0.513929
0.523969
0.495179
0.515162
0.497568
0.553923
0.514454
0.521944
0.515513
0.546001
0.508603
0.509303
0.513582
0.520836
0.53421
0.552357
0.512533
0.520133
0.535797
0.52102
0.526069
0.533513
0.517187
0.540771
0.535145
0.516155
0.546296
0.518496
0.523708
0.535396
0.51232
0.507677
0.511309
0.590595
0.557904
0.52311
0.53947
0.540365
0.528719
0.592432
0.509894
0.537039
0.524976
0.560969
0.498376
0.528495
0.520393
0.544367
0.538321
0.521015
0.531808
0.51552
0.536157
0.513305
0.518577
0.51664
0.519429
0.545453
0.504773
0.518556
0.489103
0.529808
0.498282
0.507749
0.520649
0.536358
0.507428
0.52742
0.512301
0.553996
0.518374
0.516738
0.53852
0.537021
0.546088
0.561884
0.508631
0.509148
0.567307
0.511903
0.505251
0.516385
0.533184
0.526357
0.526502
0.517638
0.526816
0.520416
0.518927
0.524177
0.530402
0.526404
0.523442
0.544202
0.538225
0.522738
0.565546
0.540235
0.55239
0.550234
0.52371
0.547727
0.522839
0.522148
0.518576
0.557331
0.527749
0.554064
0.55258
0.555494
0.5191
0.537147
0.481617
0.556813
0.544017
0.519544
0.516914
0.499006
0.537009
0.526652
0.525194
0.535639
0.503559
0.503355
0.506673
0.506221
0.543579
0.511735
0.55552
0.518138
0.542825
0.524691
0.533629
0.528882
0.516514
0.52461
0.551978
0.546421
0.531775
0.506272
0.499712
0.526338
0.53232
0.517478
0.529515
0.534569
0.533536
0.536134
0.535754
0.54613
0.506675
0.541719
0.516426
0.545458
0.524478
0.565066
0.555908
0.534886
0.522742
0.538014
0.560498
0.519821
0.513245
0.518079
0.488832
0.561689
0.542371
0.538224
0.503567
0.534811
0.523911
0.504019
0.556232
0.523013
0.571848
0.551013
0.489276
0.526875
0.502007
0.55742
0.532439
0.553588
0.556598
0.502347
0.531378
0.53274
0.541737
0.495171
0.526616
0.552651
0.540855
0.545279
0.497003
0.565448
0.54541
0.539398
0.544877
0.517636
0.529957
0.523045
0.550427
0.518973
0.508792
0.566631
0.560528
0.558699
0.516132
0.549952
0.557496
0.552601
0.501093
0.539007
0.548406
0.527357
0.596784
0.541055
0.554251
0.539808
0.540943
0.526706
0.540771
0.528904
0.539027
0.532097
0.491336
0.522316
0.594645
0.533778
0.527907
0.487821
0.51422
0.530731
0.497916
0.524297
0.525691
0.512078
0.504766
0.509409
0.545445
0.522661
0.552162
0.540202
0.540196
0.524336
0.516018
0.525842
0.556263
0.524802
0.546675
0.514849
0.518074
0.554449
0.514431
0.551859
0.56249
0.524325
0.530373
0.548792
0.528595
0.541193
0.522305
0.586729
0.524435
0.541896
0.540309
0.546871
0.518042
0.534741
0.518258
0.489516
0.491058
0.538079
0.521284
0.528598
0.530884
0.53865
0.538922
0.53226
0.486853
0.496114
0.517557
0.529718
0.501247
0.520779
0.524345
0.524694
0.490985
0.530813
0.497475
0.540748
0.525333
0.560698
0.519444
0.53549
0.500913
0.484359
0.515961
0.524719
0.534832
0.534196
0.530377
0.51833
0.510751
0.514194
0.558189
0.501006
0.541592
0.513934
0.535442
0.520139
0.561798
0.508791
0.540391
0.511278
0.517544
0.523187
0.516971
0.529866
0.52597
0.5111
0.520817
0.517945
0.520363
0.536388
0.500513
0.537881
0.514249
0.53544
0.516865
0.505853
0.509789
0.538993
0.508258
0.545427
0.508958
0.559346
0.538029
0.53933
0.54366
0.529258
0.57144
0.542949
0.530328
0.547707
0.522413
0.529268
0.525631
0.579114
0.524171
0.511537
0.592223
0.499638
0.510018
0.576431
0.532908
0.528632
0.498134
0.512718
0.523761
0.540592
0.504565
0.519641
0.528873
0.533646
0.574669
0.505955
0.518561
0.511739
0.506016
0.506729
0.538845
0.520596
0.53875
0.545483
0.538593
0.509868
0.510496
0.520827
0.534356
0.494911
0.521981
0.542888
0.526348
0.526742
0.575589
0.559002
0.511571
0.508288
0.524462
0.509158
0.50201
0.525692
0.546628
0.529115
0.520623
0.510412
0.500798
0.52314
0.525659
0.499788
0.529005
0.50117
0.533347
0.535838
0.526709
0.49064
0.516888
0.527069
0.506689
0.530074
0.470543
0.560004
0.494655
0.517994
0.526098
0.533071
0.502988
0.547039
0.52247
0.544333
0.544946
0.521949
0.538543
0.569448
0.51937
0.515533
0.525075
0.549047
0.55337
0.5373
0.504547
0.525033
0.568867
0.526221
0.519022
0.530109
0.523123
0.518348
0.520818
0.544012
0.563093
0.518826
0.537425
0.517281
0.555032
0.528809
0.525721
0.548799
0.532459
0.507424
0.529105
0.555273
0.515989
0.557766
0.500564
0.509595
0.525682
0.505621
0.532266
0.533347
0.496877
0.554513
0.526753
0.504402
0.532226
0.509227
0.549371
0.530104
0.5222
0.518413
0.518453
0.514218
0.506567
0.527954
0.543423
0.523928
0.522928
0.521549
0.527765
0.539278
0.547454
0.506924
0.513808
0.548376
0.531289
0.536669
0.556232
0.50093
0.518927
0.52875
0.496981
0.517228
0.531391
0.504884
0.534985
0.53121
0.521122
0.544594
0.524507
0.533494
0.552371
0.539095
0.497796
0.515982
0.532352
0.477471
0.539111
0.525837
0.502041
0.50582
0.530449
0.520642
0.51475
0.533874
0.577305
0.551946
0.51409
0.534404
0.544701
0.509753
0.537515
0.517232
0.548781
0.53393
0.542814
0.532119
0.540609
0.539069
0.514988
0.519555
0.57387
0.511739
0.547142
0.50301
0.523156
0.553463
0.495698
0.540402
0.516566
0.508484
0.53577
0.570873
0.531163
0.530928
0.537375
0.499618
0.519143
0.538103
0.534254
0.548727
0.506958
0.582751
0.52077
0.534636
0.532326
0.521544
0.508496
0.510566
0.502441
0.516441
0.561431
0.51415
0.539682
0.538943
0.526143
0.52269
0.516838
0.543839
0.515331
0.509644
0.514372
0.515078
0.532831
0.526015
0.534692
0.527382
0.519954
0.503415
0.527979
0.575013
0.541834
0.525047
0.512649
0.533115
0.518478
0.520117
0.525026
0.515241
0.520978
0.509689
0.507621
0.547513
0.561046
0.532681
0.501148
0.537788
0.516785
0.527104
0.567566
0.529244
0.542234
0.537642
0.511843
0.531961
0.507655
0.505798
0.488436
0.506916
0.485638
0.516572
0.569486
0.50042
0.534309
0.510957
0.509177
0.518475
0.498448
0.505879
0.523608
0.524722
0.49609
0.516543
0.523964
0.497901
0.546322
0.532949
0.500764
0.529558
0.508134
0.5344
0.523347
0.522873
0.536856
0.514422
0.507905
0.522191
0.49002
0.525219
0.502672
0.527212
0.526599
0.524273
0.524137
0.492016
0.521726
0.542741
0.520044
0.514395
0.531922
0.515612
0.533872
0.549066
0.506471
0.529485
0.501151
0.503572
0.496443
0.533422
0.519175
0.530083
0.508631
0.537402
0.528987
0.527233
0.527623
0.515498
0.542875
0.517364
0.5227
0.534991
0.540876
0.514076
0.520462
0.528577
0.516623
0.530391
0.542215
0.562869
0.512152
0.511989
0.527311
0.524693
0.515926
0.536809
0.542876
0.542998
0.526365
0.530723
0.54345
0.541636
0.512083
0.538543
0.517349
0.530228
0.522328
0.556775
0.509952
0.555761
0.504691
0.507338
0.575685
0.530732
0.536747
0.510961
0.55634
0.548338
0.543436
0.491936
0.534851
0.513941
0.523108
0.498696
0.519628
0.511161
0.531929
0.504569
0.52128
0.520324
0.523111
0.501287
0.541905
0.533804
0.538936
0.549619
0.536774
0.518526
0.508035
0.527908
-16.6977
0.530883
0.532615
0.498572
0.491445
0.491994
0.576542
0.520109
0.516999
0.533083
0.537734
0.532447
0.523197
0.510032
0.541551
0.527173
0.494602
0.533172
0.536184
0.478402
0.485694
0.560798
0.531258
0.526256
0.530256
0.521801
0.52388
0.530185
0.529877
0.516931
0.518362
0.519614
0.505453
0.516462
0.536905
0.530092
0.581669
0.512268
0.499428
0.577639
0.534046
0.508318
0.513577
0.533847
0.529748
0.521524
0.505926
0.524859
0.546955
0.553371
0.518581
0.54921
0.525149
0.515544
0.540857
0.530829
0.527271
0.532187
0.537786
0.531284
0.530652
0.510161
0.499245
0.517619
0.52762
0.506492
0.555202
0.502956
0.517787
0.540309
0.531028
0.509361
0.516094
0.513498
0.525789
0.515734
0.535645
0.544284
0.520195
0.498388
0.549901
0.498064
0.528565
0.519761
0.483329
0.514546
0.535932
0.531984
0.532291
0.52833
0.502558
0.499936
0.50349
0.509086
0.559198
0.526147
0.541531
0.574359
0.51328
0.514124
0.507169
0.521143
0.509413
0.528496
0.519855
0.538022
0.554595
0.519016
0.569884
0.512143
0.520847
0.497829
0.517718
0.505615
0.538169
0.519322
0.508858
0.571179
0.537775
0.525111
0.537674
0.51819
0.519238
0.518586
0.535581
0.5326
0.524953
0.550107
0.525777
0.521094
0.545621
0.54879
0.501172
0.52089
0.537896
0.5073
0.56032
0.544212
0.521788
0.552442
0.513332
0.538013
0.509387
0.501831
0.522956
0.585898
0.532595
0.522023
0.573648
0.517868
0.509255
0.53123
0.512179
0.516572
0.550015
0.515921
0.533883
0.504024
0.533852
0.557437
0.521879
0.539314
0.535279
0.527195
0.533481
0.521718
0.525001
0.516849
0.507211
0.546108
0.552186
0.555912
0.541437
0.506375
0.503745
0.533174
0.534954
0.543807
0.532695
0.541803
0.523684
0.522394
0.532308
0.59569
0.540382
0.586301
0.530235
0.526512
0.539592
0.496342
0.505996
0.53509
0.534599
0.549954
0.540002
0.530695
0.537191
0.532724
0.525436
0.57104
0.523415
0.5029
0.538856
0.525445
0.501743
0.529135
0.502392
0.547139
0.515302
0.53672
0.549746
0.542334
0.539759
0.525882
0.564222
0.539594
0.504125
0.553877
0.553325
0.505568
0.535151
0.537361
0.57437
0.532279
0.551504
0.494808
0.513195
0.555999
0.51761
0.521472
0.5417
0.517299
0.530876
0.553067
0.59938
0.52666
0.539514
0.538052
0.543116
0.526278
0.557422
0.527862
0.564094
0.524
0.524185
0.549832
0.515195
0.514664
0.505367
0.525628
0.499154
0.50244
0.533952
0.518299
0.568304
0.511688
0.519259
0.486301
0.508705
0.556536
0.517752
0.526895
0.489218
0.529015
0.550404
0.533455
0.527095
0.521847
0.521568
0.502632
0.523555
0.53358
0.525861
0.516276
0.507243
0.537968
0.500802
0.549743
0.501468
0.519477
0.501347
0.547464
0.535004
0.549229
0.520664
0.509852
0.521767
0.52963
0.518812
0.542079
0.53134
0.539082
0.488243
0.551751
0.540305
0.515309
0.522152
0.526266
0.536191
0.523876
0.568224
0.499004
0.536878
0.538741
0.520763
0.521245
0.537486
0.511807
0.528073
0.524378
0.513842
0.522986
0.529024
0.554203
0.543563
0.540436
0.54297
0.509722
0.511685
0.525426
0.573266
0.563198
0.536811
0.531113
0.533033
0.516344
0.519324
0.515495
0.556697
0.540677
0.53842
0.529847
0.538788
0.506306
0.538888
0.553095
0.519238
0.500169
0.55744
0.532062
0.559188
0.516242
0.529104
0.521735
0.544467
0.513983
0.499417
0.553053
0.505286
0.50802
0.51544
0.506771
0.549689
0.49788
0.528516
0.510449
0.532714
0.525978
0.513782
0.526432
0.515949
0.501696
0.522851
0.533392
0.513551
0.536728
0.530757
0.530396
0.518
0.526667
0.544754
0.545495
0.51412
0.512764
0.53045
0.540766
0.535291
0.529165
0.520319
0.536969
0.50888
0.495729
0.536381
0.489098
0.547532
0.53377
0.540533
0.537706
0.529946
0.551711
0.522591
0.51845
0.53006
0.520328
0.511551
0.541854
0.538452
0.50417
0.531371
0.514352
0.504335
0.568198
0.519841
0.528123
0.557955
0.530739
0.505295
0.522617
0.509971
0.491287
0.528733
0.515461
0.549831
0.520521
0.570471
0.55171
0.52694
0.504329
0.48283
0.51489
0.476536
0.529142
0.559363
0.560089
0.481454
0.542577
0.535938
0.571654
0.57279
0.524535
0.551372
0.543393
0.519599
0.527531
0.528698
0.523185
0.530145
0.535421
0.518463
0.521405
0.529965
0.529275
0.539138
0.532469
0.503034
0.528417
0.525781
0.551735
0.504835
0.524487
0.532486
0.541568
0.515072
0.527466
0.517581
0.492479
0.528396
0.51367
0.51231
0.530885
0.512507
0.485966
0.531537
0.523129
0.498886
0.51531
0.548913
0.499438
0.575836
0.535726
0.558818
0.545622
0.504088
0.526109
0.541034
0.526242
0.526707
0.515673
0.512618
0.52882
0.529435
0.545464
0.531719
0.520113
0.511944
0.532319
0.508598
0.513525
0.533445
0.523811
0.53743
0.525773
0.52297
0.482053
0.570624
0.52001
0.506033
0.463417
0.524499
0.525807
0.52747
0.519078
0.562455
0.514739
0.51674
0.51702
0.522749
0.517627
0.507912
0.495937
0.52912
0.528842
0.532685
0.529873
0.530124
0.569236
0.532886
0.557581
0.525996
0.543635
0.498152
0.522502
0.516751
0.551139
0.523012
0.541959
0.524318
0.531476
0.52883
0.487919
0.488456
0.534431
0.513786
0.533654
0.522752
0.536667
0.572506
0.541567
0.510207
0.549528
0.498885
0.551325
0.510887
0.583183
0.516743
0.537684
0.517399
0.531682
0.551572
0.540335
0.560415
0.533943
0.5045
0.552425
0.520482
0.540472
0.528556
0.552723
0.526387
0.505567
0.533412
0.522092
0.489067
0.517347
0.523828
0.516613
0.486539
0.510545
0.529855
0.581342
0.535675
0.525454
0.512068
0.509837
0.508902
0.530018
0.541982
0.527965
0.521943
0.527446
0.488874
0.520507
0.575526
0.575355
0.480265
0.54272
0.531028
0.519933
0.537173
0.516489
0.508861
0.539565
0.510146
0.506672
0.532223
0.55698
0.532906
0.530461
0.52188
0.51893
0.515122
0.603274
0.518398
0.519663
0.570687
0.49491
0.519094
0.514663
0.50416
0.55362
0.537187
0.584216
0.543213
0.524648
0.512733
0.518414
0.515305
0.509683
0.513747
0.522184
0.512142
0.53338
0.540086
0.551444
0.499098
0.509876
0.513512
0.540727
0.531466
0.534574
0.542024
0.508614
0.537949
0.522184
0.516376
0.547965
0.516828
0.562819
0.528841
0.514606
0.5047
0.554892
0.508372
0.542094
0.546918
0.498733
0.521956
0.531094
0.536343
0.494078
0.518127
0.520461
0.526234
0.504501
0.542761
0.516792
0.539493
0.58002
0.532169
0.542446
0.514644
0.522835
0.544892
0.52079
0.498557
0.574659
0.493004
0.514639
0.512705
0.520621
0.545756
0.50064
0.515948
0.528626
0.531178
0.533286
0.571676
0.516614
0.55234
0.511145
0.509701
0.530546
0.539904
0.516107
0.540452
0.53233
0.540388
0.523497
0.534412
0.513848
0.491044
0.527396
0.513489
0.592119
0.539262
0.527546
0.478863
0.526915
0.510791
0.518997
0.507166
0.546432
0.544287
0.495302
0.523039
0.537354
0.523728
0.528828
0.544955
0.515448
0.503323
0.52396
0.547131
0.590593
0.568231
0.526553
0.541506
0.509668
0.543941
0.530184
0.522706
0.527198
0.523263
0.538648
0.51667
0.547973
0.538422
0.523809
0.512915
0.516882
0.542609
0.489171
0.518648
0.533993
0.529198
0.539712
0.54256
0.52776
0.488878
0.506201
0.51445
0.520457
0.534472
0.495972
0.523016
0.52237
0.513059
0.542949
0.540411
0.532791
0.51886
0.522301
0.478479
0.504861
0.507547
0.51352
0.538921
0.54331
0.566643
0.578355
0.523036
0.51825
0.517559
0.520785
0.530888
0.489865
0.539993
0.514785
0.541348
0.522772
0.541086
0.51434
0.518943
0.508871
0.548466
0.494372
0.51125
0.521194
0.55183
0.506731
0.541864
0.511671
0.514602
0.553146
0.513989
0.574986
0.502697
0.529674
0.520847
0.525887
0.551026
0.517898
0.521788
0.505315
0.524048
0.551707
0.513382
0.518455
0.531144
0.505272
0.556278
0.536462
0.539353
0.509923
0.497328
0.52828
0.510006
0.518625
0.536335
0.539895
0.539144
0.498407
0.500234
0.545379
0.52658
0.508352
0.579988
0.525155
0.50051
0.500466
0.510293
0.506662
0.540132
0.522554
0.515712
0.516686
0.512928
0.566022
0.528191
0.490694
0.512829
0.509837
0.510416
0.580333
0.540041
0.521249
0.490781
0.523736
0.534855
0.501865
0.54247
0.557691
0.524814
0.546485
0.528533
0.496446
0.534078
0.539896
0.549828
0.525314
0.545776
0.523438
0.502504
0.539315
0.550539
0.541987
0.507861
0.539691
0.539232
0.517136
0.51172
0.519653
0.537011
0.584714
0.541218
0.503692
0.51699
0.543376
0.524384
0.537108
0.52259
0.538644
0.54049
0.549239
0.518231
0.510375
0.544361
0.535097
0.522794
0.512743
0.536546
0.547493
0.55501
0.512351
0.506784
0.49715
0.530014
0.530591
0.558778
0.54492
0.521854
0.506113
0.551445
0.520107
0.521802
0.521666
0.542984
0.544311
0.50987
0.514231
0.548839
0.530468
0.52267
0.515632
0.536153
0.524745
0.547362
0.516282
0.559407
0.513828
0.513176
0.537665
0.515245
0.547767
0.514299
0.575826
0.504912
0.50939
0.531801
0.525287
0.553238
0.539299
0.586631
0.516409
0.522191
0.529177
0.516847
0.523423
0.509824
0.542059
0.510056
0.540185
0.542641
0.524435
0.531952
0.516766
0.558965
0.551249
0.530577
0.52894
0.518725
0.552983
0.527736
0.556959
0.522821
0.526756
0.565438
0.541928
0.540384
0.537492
0.522579
0.52827
0.544675
0.531056
0.537415
0.528831
0.529785
0.538403
0.495609
0.472475
0.556087
0.509599
0.516601
0.49716
0.503635
0.507288
0.525893
0.546679
0.521242
0.518357
0.504274
0.51728
0.546222
0.51872
0.508932
0.533459
0.521071
0.534989
0.531111
0.543132
0.534712
0.527682
0.518621
0.518218
0.531837
0.530506
0.522836
0.539182
0.527334
0.508622
0.549741
0.530198
0.519948
0.535523
0.52386
0.545281
0.540163
0.50472
0.528937
0.532922
0.515571
0.518541
0.538818
0.540385
0.502327
0.524549
0.530778
0.526432
0.50643
0.501638
0.528241
0.544028
0.523003
0.545207
0.554096
0.505897
0.539619
0.533688
0.529157
0.546219
0.531423
0.530697
0.541573
0.531081
0.528829
0.53625
0.527764
0.509221
0.50525
0.548354
0.531769
0.525656
0.531857
0.516452
0.558987
0.547929
0.539001
0.494888
0.535774
0.530534
0.491748
0.522597
0.532088
0.570561
0.546876
0.546234
0.555481
0.484339
0.522059
0.547389
0.557429
0.530285
0.532853
0.545247
0.527652
0.532428
0.511651
0.53169
0.513741
0.478492
0.550542
0.538195
0.519842
0.497292
0.516101
0.53936
0.525489
0.518179
0.499031
0.527947
0.54105
0.512301
0.568564
0.50366
0.509493
0.55073
0.534031
0.490032
0.539947
0.497667
0.527459
0.505679
0.516007
0.519366
0.532576
0.511427
0.541968
0.520278
0.542095
0.522168
0.493023
0.541843
0.530892
0.534115
0.534818
0.546806
0.53084
0.510283
0.525436
0.50295
0.515348
0.585153
0.50855
0.488519
0.526648
0.536696
0.542664
0.5214
0.553944
0.471432
0.537998
0.584939
0.508776
0.544424
0.580319
0.556804
0.517363
0.548306
0.507694
0.521655
0.507646
0.51804
0.532475
0.514855
0.535591
0.534651
0.514322
0.511078
0.541944
0.531219
0.531963
0.539448
0.529972
0.528969
0.509875
0.548941
0.517472
0.544574
0.516614
0.521864
0.507968
0.573954
0.52799
0.515364
0.545212
0.560094
0.548297
0.526887
0.537336
0.52885
0.510252
0.523361
0.502148
0.516393
0.500491
0.525791
0.501212
0.521132
0.555837
0.526765
0.51426
0.548619
0.547989
0.518114
0.536515
0.51236
0.512999
0.523854
0.53436
0.584533
0.545112
0.514101
0.520197
0.490355
0.509618
0.549673
0.538709
0.501975
0.531828
0.506477
0.53476
0.519732
0.533842
0.541323
0.514705
0.516718
0.531016
0.54041
0.55777
0.536221
0.482659
0.531754
0.514096
0.549832
0.519235
0.532153
0.539822
0.519705
0.554686
0.536805
0.568682
0.544786
0.531287
0.517062
0.483716
0.502319
0.516947
0.542322
0.536532
0.523225
0.532977
0.536107
0.541206
0.511337
0.526177
0.542465
0.506548
0.513245
0.532572
0.561157
0.521923
0.509416
0.527813
0.53932
0.514242
0.544966
0.540637
0.51839
0.525173
0.524625
0.515648
0.504942
0.520261
0.527087
0.510838
0.508459
0.528602
0.510792
0.532433
0.556999
0.501716
0.530377
0.50379
0.508238
0.55115
0.524896
0.52666
0.508834
0.513078
0.526447
0.504491
0.536335
0.510052
0.523789
0.516307
0.505937
0.525564
0.514175
0.520585
0.591059
0.589347
0.533401
0.520307
0.585042
0.512587
0.553149
0.523224
0.5247
0.525849
0.591016
0.542879
0.532273
0.520868
0.546827
0.521044
0.516851
0.564099
0.557514
0.50612
0.487117
0.530162
0.516947
0.54111
0.521242
0.510164
0.518736
0.519611
0.512038
0.550484
0.50868
0.527403
0.527816
0.538575
0.554788
0.52037
0.51272
0.547789
0.523596
0.511
0.53903
0.539357
0.540992
0.515214
0.529684
0.544079
0.533496
0.545664
0.547749
0.556003
0.528536
0.531583
0.499289
0.5354
0.527778
0.498123
0.503126
0.553997
0.523885
0.511636
0.533084
0.525572
0.481076
0.504438
0.526564
0.51179
0.521337
0.524075
0.528683
0.508202
0.527745
0.495742
0.522632
0.570983
0.521365
0.520249
0.546895
0.531947
0.523432
0.57659
0.536789
0.529914
0.520369
0.550022
0.525294
0.479382
0.52842
0.533064
0.534596
0.546545
0.534861
0.539242
0.542283
0.510691
0.52602
0.521249
0.537474
0.51654
0.530978
0.542958
0.515319
0.546113
0.531518
0.539914
0.528887
0.504566
0.525938
0.522145
0.532139
0.527608
0.511141
0.507564
0.490813
0.484678
0.486274
0.504213
0.538324
0.524548
0.511698
0.544236
0.514225
0.526558
0.529663
0.502091
0.520132
0.528968
0.509693
0.500205
0.55189
0.522721
0.535189
0.507754
0.529096
0.524527
0.555929
0.49987
0.538364
0.547793
0.540114
0.507984
0.514811
0.4971
0.566035
0.530619
0.5073
0.523268
0.507963
0.508567
0.542632
0.507557
0.549396
0.515204
0.529438
0.578304
0.516856
0.51518
0.546139
0.538694
0.498898
0.511484
0.555285
0.514498
0.530149
0.528919
0.525528
0.545504
0.514669
0.526923
0.518117
0.539483
0.559178
0.531704
0.53917
0.508551
0.514203
0.517786
0.535723
0.5684
0.52206
0.511081
0.54487
0.497482
0.511894
0.509008
0.577354
0.524823
0.513758
0.525853
0.531697
0.541142
0.533436
0.524941
0.528602
0.536121
0.517469
0.522217
0.537183
0.52286
0.524677
0.525681
0.520776
0.522356
0.581905
0.532064
0.518864
0.530906
0.51742
0.504863
0.515513
0.54638
0.518945
0.523024
0.507591
0.572807
0.533558
0.547848
0.543946
0.545806
0.530216
0.542973
0.520878
0.50655
0.517566
0.507181
0.580454
0.507934
0.507765
0.52918
0.531149
0.529151
0.5259
0.525787
0.524022
0.50222
0.514996
0.584749
0.550926
0.555357
0.53134
0.532751
0.586217
0.503054
0.549435
0.536527
0.541448
0.53114
0.524941
0.535198
0.514797
0.538539
0.528998
0.553831
0.505989
0.555745
0.515361
0.507893
0.536135
0.535225
0.541698
0.534436
0.518396
0.534388
0.526822
0.541555
0.521153
0.521549
0.539119
0.522365
0.529028
0.53395
0.515557
0.592346
0.527644
0.532832
0.537237
0.529883
0.510762
0.524704
0.513794
0.492358
0.52302
0.530333
0.557911
0.54106
0.514507
0.541904
0.51626
0.544259
0.52834
-2.76319
0.51447
0.493457
0.547857
0.525661
0.502331
0.512535
0.515611
0.506433
0.520749
0.500937
0.526541
0.498786
0.515371
0.52931
0.583353
0.495823
0.49919
0.522259
0.511273
0.499782
0.52275
0.529365
0.526225
0.525068
0.55339
0.514925
0.522432
0.524799
0.511467
0.536167
0.53495
0.524194
0.507559
0.518101
0.504923
0.535699
0.52211
0.617056
0.519254
0.547808
0.541569
0.542294
0.518039
0.519103
0.51769
0.5209
0.49732
0.526345
0.51682
0.543364
0.558178
0.528847
0.537507
0.557677
0.532818
0.548187
0.518595
0.532996
0.528658
0.539558
0.528494
0.483627
0.503024
0.50728
0.564218
0.548629
0.551636
0.537795
0.527499
0.539483
0.533414
0.535237
0.508522
0.524221
0.54901
0.525191
0.517548
0.522977
0.537451
0.534978
0.511294
0.477071
0.516746
0.565263
0.528764
0.526933
0.521355
0.51344
0.524422
0.536079
0.521062
0.513803
0.524093
0.545202
0.496622
0.560569
0.511463
0.50738
0.559824
0.521395
0.585995
0.526429
0.572388
0.477431
0.49591
0.537256
0.524641
0.54646
0.535007
0.520039
0.53319
0.534909
0.483614
0.534895
0.528751
0.524795
0.533396
0.525266
0.549652
0.531421
0.517856
0.512938
0.530466
0.528724
0.533805
0.551468
0.51564
0.540543
0.521737
0.526739
0.495572
0.53472
0.532512
0.529472
0.524948
0.511867
0.507106
0.563499
0.527288
0.540123
0.536996
0.485055
0.519571
0.504289
0.532475
0.519407
0.550002
0.542406
0.512831
0.55675
0.534243
0.555307
0.522836
0.545968
0.513439
0.481994
0.54191
0.51231
0.522356
0.556109
0.544619
0.551296
0.547271
0.539796
0.52711
0.506595
0.51458
0.534583
0.529223
0.563217
0.524379
0.518902
0.500255
0.520427
0.533115
0.529753
0.542802
0.530394
0.526462
0.535676
0.536586
0.551786
0.533383
0.504943
0.527684
0.513373
0.520193
0.613256
0.539886
0.537476
0.549843
0.515715
0.503055
0.521491
0.500328
0.54142
0.524671
0.511103
0.540048
0.538915
0.511252
0.493238
0.503395
0.545849
0.522754
0.528186
0.539905
0.525161
0.501926
0.53555
0.563375
0.569103
0.525859
0.514954
0.54093
0.537434
0.554432
0.56765
0.498722
0.513752
0.522437
0.52512
0.488637
0.541605
0.529507
0.547077
0.521714
0.53325
0.540043
0.53995
0.548813
0.564093
0.508945
0.528414
0.528562
0.506123
0.537159
0.541685
0.53883
0.536973
0.546281
0.534405
0.518639
0.51222
0.535363
0.501953
0.531395
0.549706
0.57726
0.532575
0.529894
0.528539
0.532889
0.542478
0.558616
0.52051
0.521329
0.552054
0.531932
0.531322
0.491341
0.517488
0.530664
0.556037
0.524408
0.52948
0.533683
0.546938
0.511943
0.525402
0.534848
0.511378
0.544706
0.536361
0.527467
0.519645
0.501113
0.530625
0.522832
0.568479
0.520585
0.526286
0.541831
0.545196
0.510021
0.533609
0.544708
0.499028
0.523037
0.549697
0.52069
0.561502
0.535774
0.543874
0.520121
0.538567
0.517744
0.520678
0.536178
0.525285
0.516998
0.504321
0.556386
0.503635
0.556847
0.611672
0.541919
0.517061
0.536365
0.526578
0.516427
0.513447
0.523435
0.53784
0.525874
0.572939
0.507529
0.545654
0.508011
0.546006
0.550254
0.604639
0.546818
0.521497
0.519741
0.522123
0.520065
0.53121
0.541182
0.534099
0.56085
0.490218
0.544629
0.534138
0.517272
0.539262
0.527384
0.539484
0.525077
0.537843
0.582317
0.521476
0.521082
0.517378
0.512354
0.549674
0.54649
0.525918
0.557249
0.525657
0.507243
0.542978
0.536612
0.534751
0.518535
0.506115
0.517519
0.511533
0.535137
0.552602
0.53332
0.515527
0.51551
0.534883
0.529344
0.537349
0.528737
0.521633
0.518717
0.50286
0.529104
0.53728
0.51541
0.555731
0.508249
0.505135
0.500916
0.509555
0.515401
0.52861
0.530853
0.512177
0.543895
0.503951
0.496904
0.530037
0.517645
0.535599
0.530236
0.512635
0.563122
0.531756
0.527121
0.495548
0.516256
0.520854
0.523271
0.547584
0.584811
0.521476
0.522639
0.555036
0.527364
0.564019
0.531383
0.50928
0.502624
0.519958
0.516949
0.523834
0.50808
0.5303
0.532918
0.530313
0.51901
0.506123
0.581151
0.523075
0.547654
0.523114
0.554021
0.530391
0.525306
0.516411
0.554139
0.508386
0.545497
0.504967
0.522845
0.534375
0.547817
0.518759
0.528429
0.529864
0.553742
0.55103
0.528139
0.534555
0.525438
0.530562
0.542159
0.527908
0.535918
0.534013
0.514737
0.524233
0.568061
0.506917
0.509707
0.533504
0.528594
0.527886
0.529154
0.518515
0.519705
0.518131
0.537141
0.499418
0.520705
0.521117
0.531035
0.545785
0.544374
0.559473
0.554698
0.512597
0.514888
0.536517
0.493002
0.530067
0.524872
0.526381
0.527981
0.527767
0.523813
0.545222
0.50636
0.530883
0.521375
0.529612
0.521786
0.529619
0.536338
0.503432
0.530787
0.583668
0.522803
0.534879
0.547178
0.542376
0.568494
0.529186
0.529863
0.537787
0.489765
0.509727
0.500397
0.526602
0.519062
0.494419
0.525883
0.492817
0.575484
0.510312
0.522067
0.536398
0.5107
0.522347
0.553305
0.544728
0.560256
0.542373
0.525581
0.533057
0.520914
0.524901
0.520447
0.523936
0.51295
0.560515
0.509473
0.524859
0.50623
0.510594
0.531202
0.539026
0.539207
0.500559
0.544626
0.58545
0.523304
0.547114
0.507653
0.497109
0.50416
0.548863
0.516756
0.547049
0.528032
0.508456
0.545097
0.53044
0.518962
0.524445
0.512784
0.541323
0.538618
0.497806
0.525133
0.519966
0.511481
0.52967
0.547816
0.541633
0.520913
0.511214
0.518457
0.54213
0.489925
0.558556
0.525273
0.522534
0.543717
0.529439
0.528286
0.519646
0.49866
0.553898
0.553136
0.522121
0.522683
0.502832
0.528361
0.533399
0.523469
0.54261
0.4915
0.563123
0.540456
0.526851
0.526569
0.485335
0.502667
0.502991
0.509786
0.533629
0.517616
0.513189
0.528051
0.559158
0.533234
0.516708
0.535139
0.53366
0.532397
0.522498
0.545563
0.508234
0.518491
0.510224
0.533758
0.565283
0.514196
0.515489
0.556304
0.558733
0.511523
0.560952
0.512865
0.516596
0.5243
0.540621
0.507644
0.498591
0.515533
0.502766
0.529646
0.531261
0.526861
0.616985
0.518576
0.520237
0.570828
0.534356
0.522046
0.526513
0.548629
0.539945
0.514645
0.541409
0.537729
0.504563
0.546931
0.53429
0.551567
0.535709
0.51959
0.505642
0.511785
0.537533
0.558247
0.499457
0.520896
0.528535
0.538011
0.556009
0.515886
0.51108
0.539682
0.519471
0.527014
0.511367
0.522376
0.541172
0.528282
0.534607
0.521072
0.516992
0.518707
0.531098
0.531542
0.548824
0.519915
0.591943
0.541867
0.515929
0.510369
0.539856
0.511577
0.542518
0.510288
0.547701
0.519888
0.508389
0.508264
0.51856
0.527422
0.532418
0.51324
0.472013
0.522971
0.518109
0.551206
0.516913
0.538281
0.507706
0.543978
0.51368
0.522406
0.509141
0.533138
0.53755
0.545186
0.509306
0.497984
0.537981
0.504841
0.538276
0.520852
0.527757
0.496362
0.503665
0.527087
0.521738
0.531993
0.52627
0.491429
0.546907
0.546429
0.609594
0.555933
0.505184
0.535197
0.526307
0.50374
0.522666
0.569603
0.522969
0.500822
0.534634
0.533199
0.562598
0.501794
0.54032
0.526957
0.515035
0.542486
0.549721
0.515196
0.518643
0.507509
0.529818
0.535613
0.523768
0.516555
0.562951
0.552279
0.54217
0.529725
0.528991
0.550887
0.535361
0.509812
0.522451
0.513596
0.505491
0.488487
0.53207
0.499451
0.545333
0.522156
0.533157
0.505559
0.513124
0.539655
0.535434
0.521907
0.526565
0.506529
0.516024
0.525796
0.536097
0.503494
0.549427
0.547503
0.583039
0.514617
0.521225
0.51953
0.564024
0.540583
0.532401
0.537621
0.492011
0.528088
0.537463
0.517424
0.50363
0.577744
0.573735
0.523346
0.49612
0.497481
0.501042
0.511535
0.540606
0.508019
0.488201
0.569748
0.561646
0.541462
0.524336
0.547015
0.512274
0.5316
0.530338
0.522432
0.545864
0.52016
0.505592
0.548555
0.551463
0.514858
0.526979
0.530678
0.528013
0.529045
0.508232
0.527843
0.518184
0.528758
0.52594
0.525766
0.52425
0.528475
0.522412
0.514259
0.554993
0.505166
0.531273
0.516536
0.546605
0.530398
0.524132
0.504959
0.500839
0.522999
0.53478
0.539711
0.541709
0.504451
0.553374
0.52017
0.490591
0.508541
0.536238
0.494702
0.519327
0.513315
0.517639
0.512767
0.555732
0.53514
0.563256
0.515417
0.531816
0.513039
0.538287
0.514846
0.52307
0.506747
0.52364
1.54068
0.537486
0.53039
0.517994
0.539593
0.506992
0.517604
0.508053
0.503165
0.563849
0.533791
0.505174
0.469864
0.545556
0.522013
0.546985
0.517646
0.535244
0.531238
0.529929
0.506362
0.54977
0.509511
