0.494732
0.529411
0.514687
0.489486
0.55718
0.518974
0.470712
0.510356
0.503322
0.515366
0.534046
0.498481
0.523771
0.575244
0.53994
0.527834
0.499894
0.508762
0.546229
0.520034
0.519342
0.564653
0.549799
0.518596
0.557353
0.464816
0.535073
0.50488
0.525261
0.535006
0.563012
0.555619
0.535889
0.538209
0.500517
0.530619
0.529182
0.536656
0.537095
0.510679
0.515983
0.514423
0.512569
0.549422
0.542945
0.550596
0.523534
0.521141
0.560635
0.552035
0.511214
0.505727
0.545693
0.5055
0.564119
0.541372
0.510675
0.547513
0.515695
0.531575
0.515438
0.536094
0.54732
0.555087
0.563141
0.511262
0.51782
0.535787
0.581307
0.520169
0.496723
0.569263
0.516896
0.546608
0.57272
0.516153
0.503818
0.488255
0.507517
0.529588
0.55108
0.501614
0.527551
0.579826
0.524738
0.525014
0.557229
0.556272
0.545853
0.532402
0.55395
0.550205
0.537094
0.504217
0.520677
0.520717
0.492309
0.524289
0.499468
0.534423
0.523877
0.538962
0.565061
0.489045
0.509532
0.513861
0.504932
0.539553
0.550063
0.5461
0.512869
0.484026
0.556095
0.554446
0.46996
0.526393
0.545181
0.538114
0.585858
0.54201
0.520576
0.512191
0.547598
0.528437
0.569099
0.55522
0.495045
0.495997
0.462237
0.511395
0.538244
0.504404
0.560138
0.524412
0.534626
0.528938
0.498224
0.521758
0.592162
0.511412
0.543266
0.526938
0.503537
0.535865
0.532489
0.482334
0.55711
0.558983
0.496391
0.489223
0.526632
0.523174
0.527469
0.555367
0.584454
0.526738
0.474021
0.506201
0.501211
0.528714
0.499598
0.525987
0.522191
0.513715
0.542253
0.533059
0.503772
0.499107
0.501802
0.499998
0.495487
0.535704
0.503076
0.513454
0.541492
0.517064
0.534149
0.503964
0.582942
0.469574
0.493786
0.56195
0.50682
0.548686
0.543312
0.510875
0.519322
0.541909
0.55189
0.500293
0.567032
0.517702
0.494028
0.513107
0.529594
0.508535
0.518341
0.523621
0.521091
0.523088
0.522044
0.561636
0.535775
0.485788
0.540013
0.49383
0.48396
0.529634
0.514752
0.542119
0.531679
0.511118
0.51174
0.490332
0.515779
0.49711
0.503038
0.520905
0.532928
0.534826
0.514255
0.55056
0.537177
0.504506
0.491732
0.519597
0.46122
0.537575
0.563239
0.563821
0.481113
0.549176
0.557042
0.599239
0.544949
0.516834
0.503034
0.539519
0.510798
0.548776
0.563056
0.534747
0.520823
0.581928
0.518957
0.543579
0.488981
0.554316
0.529513
0.48548
0.504097
0.548248
0.514958
0.504185
0.531336
0.505242
0.524886
0.551261
0.533628
0.525266
0.534003
0.535742
0.479529
0.531011
0.520088
0.525112
0.530289
0.546556
0.515868
0.544738
0.531583
0.538517
0.549385
0.5228
0.591201
0.523095
0.49737
0.527779
0.505752
0.514524
0.507937
0.571566
0.558065
0.51492
0.54775
0.47539
0.575624
0.560619
0.520414
0.526861
0.532159
0.539653
0.523585
0.584787
0.608359
0.513334
0.552136
0.528742
0.525386
0.535545
0.515786
0.543866
0.550796
0.483307
0.55082
0.539535
0.47314
0.515359
0.560883
0.547714
0.526992
0.527698
0.53177
0.495904
0.551911
0.545219
0.573238
0.516396
0.546914
0.535044
0.586985
0.515422
0.554121
0.516674
0.560175
0.506025
0.532374
0.550448
0.516351
0.522367
0.550149
0.571871
0.545868
0.534432
0.520387
0.538976
0.512107
0.499631
0.489901
0.501066
0.521663
0.532314
0.510452
0.522488
0.527538
0.547456
0.538522
0.567731
0.532565
0.537076
0.523123
0.536873
0.522203
0.502427
0.512355
0.528329
0.537029
0.545419
0.539498
0.487804
0.532187
0.554489
0.507277
0.566358
0.557976
0.498215
0.534778
0.53466
0.513666
0.497028
0.498459
0.520556
0.496724
0.566126
0.523624
0.585291
0.49293
0.538976
0.537161
0.574843
0.52399
0.511309
0.511158
0.490129
0.525272
0.550563
0.556736
0.579391
0.486623
0.528069
0.50498
0.500527
0.531003
0.509786
0.523324
0.525709
0.560386
0.557637
0.490982
0.488082
0.510217
0.537489
0.519843
0.53708
0.548705
0.501908
0.547679
0.579745
0.55988
0.55487
0.541541
0.560921
0.534445
0.575988
0.512955
0.530634
0.498134
0.49726
0.509529
0.530446
0.473818
0.517865
0.517087
0.534083
0.534043
0.550414
0.487516
0.527881
0.510458
0.554556
0.58482
0.521778
0.550786
0.5214
0.533258
0.532113
0.520178
0.525675
0.541855
0.536169
0.524745
0.498572
0.581063
0.539625
0.501304
0.551578
0.474342
0.559957
0.518202
0.519968
0.541886
0.542077
0.535948
0.529309
0.525037
0.539195
0.570713
0.544823
0.524341
0.605208
0.505826
0.508908
0.50842
0.528416
0.525896
0.5088
0.510845
0.53068
0.565215
0.517352
0.506902
0.58409
0.537453
0.581736
0.483441
0.492207
0.564124
0.532276
0.480996
0.515048
0.582412
0.535798
0.554474
0.536969
0.530452
0.505361
0.525122
0.540219
0.511315
0.525172
0.522426
0.5076
0.546571
0.544979
0.549662
0.58491
0.544598
0.525369
0.53969
0.535428
0.536983
0.525909
0.52037
0.51578
0.515013
0.512782
0.481857
0.507445
0.578025
0.515476
0.548242
0.538244
0.504395
0.52699
0.519586
0.549811
0.544697
0.460776
0.51786
0.565065
0.533014
0.524071
0.528735
0.528614
0.544976
0.559473
0.486051
0.53828
0.568295
0.547104
0.537168
0.527041
0.520132
0.500797
0.541702
0.523837
0.548093
0.49429
0.530444
0.535784
0.479379
0.531795
0.517528
0.557575
0.527518
0.553066
0.543148
0.521499
0.539912
0.516957
0.533336
0.526591
0.515977
0.481624
0.524371
0.471873
0.464159
0.584936
0.51692
0.508505
0.556662
0.510206
0.524898
0.529003
0.535966
0.50316
0.528499
0.504106
0.501502
0.533634
0.532672
0.553638
0.54054
0.541621
0.490309
0.51306
0.511615
0.506484
0.495081
0.532888
0.504812
0.526242
0.515665
0.541803
0.531922
0.544244
0.518975
0.526525
0.49637
0.573741
0.528626
0.544306
0.508882
0.530626
0.486725
0.514308
0.51568
0.506199
0.524154
0.549745
0.504318
0.49221
0.53624
0.532184
0.535278
0.536627
0.540189
0.52544
0.538787
0.528851
0.513489
0.529371
0.543943
0.50811
0.536983
0.563964
0.510166
0.523416
0.498744
0.522567
0.543666
0.536887
0.494056
0.483726
0.52124
0.54454
0.538348
0.536243
0.534725
0.562913
0.52045
0.556827
0.533918
0.508069
0.539166
0.535258
0.595045
0.551568
0.540779
0.51658
0.55425
0.553681
0.524564
0.522468
0.501265
0.532027
0.477194
0.523948
0.493281
0.55896
0.505627
0.51277
0.539125
0.510909
0.492514
0.536844
0.527257
0.543009
0.505319
0.553593
0.528216
0.524187
0.512584
0.512421
0.519671
0.525226
0.52745
0.51525
0.505805
0.542583
0.523776
0.530916
0.568525
0.523047
0.557098
0.56808
0.521975
0.553253
0.531959
0.521509
0.503577
0.519502
0.562528
0.553863
0.472757
0.537781
0.518333
0.487964
0.533354
0.543515
0.53516
0.520029
0.495844
0.563644
0.542314
0.543893
0.521148
0.542392
0.488267
0.518111
0.554704
0.49269
0.563273
0.542063
0.524173
0.502144
0.55302
0.539912
0.479244
0.570645
0.535858
0.567835
0.53219
0.506365
0.518148
0.519549
0.567271
0.523203
0.508202
0.496613
0.47944
0.543906
0.508311
0.504211
0.525706
0.535053
0.479594
0.535834
0.514868
0.526322
0.522731
0.555378
0.516078
0.571842
0.511603
0.570462
0.527361
0.54761
0.552779
0.536721
0.49918
0.546973
0.559418
0.543201
0.571148
0.564955
0.49642
0.54927
0.478058
0.52055
0.472914
0.531133
0.510111
0.566969
0.518274
0.548983
0.491777
0.573907
0.537386
0.506226
0.519298
0.490825
0.513868
0.497087
0.561566
0.524499
0.539695
0.500696
0.544146
0.522773
0.524489
0.596816
0.492775
0.51347
0.526339
0.486768
0.527249
0.530208
0.501352
0.596542
0.498198
0.525457
0.559819
0.560898
0.53267
0.50965
0.53937
0.520145
0.526382
0.554633
0.54589
0.489343
0.490137
0.528266
0.530993
0.556993
0.503883
0.508549
0.494096
0.517195
0.51843
0.553003
0.466854
0.563578
0.538864
0.534347
0.545263
0.537412
0.515314
0.513927
0.53662
0.543362
0.556099
0.523897
0.465776
0.56031
0.536763
0.504451
0.519586
0.533258
0.548565
0.538876
0.558507
0.546247
0.53385
0.483763
0.514848
0.511062
0.540305
0.517996
0.523557
0.541901
0.528347
0.510682
0.564783
0.527225
0.519028
0.547706
0.559304
0.571088
0.522592
0.489656
0.564787
0.561565
0.491332
0.514663
0.506697
0.549172
0.554295
0.533674
0.55498
0.520983
0.561214
0.534176
0.497376
0.51246
0.542632
0.516351
0.501284
0.5211
0.530582
0.567357
0.507847
0.533244
0.524031
0.512757
0.536738
0.508676
0.562162
0.499272
0.525382
0.484216
0.491997
0.524359
0.534919
0.510509
0.528571
0.576261
0.514396
0.598802
0.5425
0.548803
0.568488
0.496061
0.52067
0.51831
0.506253
0.421241
0.495572
0.504289
0.554782
0.526496
0.527398
0.510349
0.515022
0.558327
0.524703
0.5368
0.576334
0.540625
0.498382
0.523123
0.551812
0.51534
0.511671
0.57742
0.534157
0.563448
0.523555
0.544887
0.528948
0.491881
0.509547
0.4825
0.520247
0.515784
0.498365
0.569026
0.49381
0.504733
0.581339
0.497687
0.532322
0.550675
0.502314
0.471462
0.530142
0.531606
0.527088
0.534479
0.507828
0.518628
0.510882
0.578584
0.539795
0.545695
0.545526
0.545694
0.533509
0.553007
0.520778
0.547644
0.515274
0.524625
0.510183
0.48811
0.518753
0.536954
0.519375
0.496913
0.527774
0.541092
0.485187
0.525783
0.498115
0.494953
0.484598
0.547515
0.527454
0.503537
0.53713
0.532621
0.530351
0.552925
0.524816
0.522377
0.524969
0.529191
0.550363
0.513719
0.528709
0.539902
0.535663
0.546807
0.54679
0.502659
0.521327
0.532526
0.52401
0.524722
0.538229
0.517905
0.501547
0.547536
0.549612
0.515848
0.55317
0.483994
0.514559
0.554098
0.466156
0.51014
0.528437
0.541815
0.518639
0.538251
0.537372
0.558899
0.484473
0.489936
0.572577
0.550988
0.55626
0.583644
0.48128
0.466382
0.575274
0.547867
0.572258
0.529964
0.545815
0.517821
0.511444
0.546455
0.480174
0.516384
0.474873
0.501198
0.507644
0.536019
0.557078
0.569251
0.518681
0.511695
0.507378
0.569941
0.479499
0.52875
0.559458
0.509033
0.533285
0.522279
0.564821
0.515326
0.510113
0.497877
0.524822
0.513293
0.496201
0.559871
0.540025
0.556523
0.509988
0.552241
0.527791
0.525615
0.505641
0.489402
0.519051
0.563217
0.520469
0.536327
0.541134
0.507188
0.564553
0.518685
0.525677
0.468373
0.522978
0.53426
0.526818
0.532256
0.477707
0.519082
0.527771
0.483275
0.515109
0.569667
0.576133
0.477622
0.50693
0.465896
0.541374
0.492461
0.541414
0.514472
0.519771
0.519167
0.555423
0.575697
0.516907
0.506916
0.553728
0.541916
0.534898
0.499851
0.484831
0.531701
0.533334
0.508347
0.51295
0.55437
0.543615
0.50969
0.580202
0.496998
0.554332
0.514456
0.541642
0.531674
0.540789
0.508947
0.584049
0.53297
0.563755
0.473217
0.543052
0.521141
0.511161
0.504435
0.529342
0.538907
0.521661
0.528269
0.520207
0.53412
0.545859
0.552966
0.526203
0.535208
0.515803
0.554897
0.504029
0.533182
0.543375
0.458121
0.523437
0.575541
0.529972
0.517721
0.535825
0.519488
0.495894
0.532156
0.49184
0.53654
0.539443
0.529198
0.479533
0.545656
0.531361
0.541394
0.49597
0.552977
0.512443
0.535226
0.548559
0.500295
0.575738
0.544195
0.503281
0.525601
0.516792
0.522342
0.524529
0.510933
0.499532
0.494326
0.517337
0.521803
0.509309
0.510184
0.623679
0.524427
0.50587
0.514908
0.534421
0.518065
0.564915
0.514012
0.560031
0.504445
0.525822
0.498099
0.515206
0.512041
0.554946
0.476127
0.552104
0.505349
0.528729
0.566612
0.498427
0.523205
0.513209
0.513002
0.590937
0.492392
0.538663
0.523857
0.55079
0.536953
0.516222
0.529595
0.535564
0.541337
0.524097
0.563548
0.479141
0.543684
0.511038
0.526929
0.51696
0.551461
0.545064
0.545584
0.543449
0.553098
0.486714
0.554961
0.492008
0.516295
0.515989
0.495732
0.526007
0.537746
0.531007
0.538232
0.518586
0.503336
0.519176
0.53869
0.563142
0.552224
0.502488
0.512858
0.552171
0.495086
0.565909
0.540098
0.510148
0.528893
0.507311
0.541221
0.55622
0.519337
0.560718
0.542326
0.530695
0.549614
0.506769
0.538694
0.52334
0.535706
0.508616
0.538704
0.513392
0.519174
0.533279
0.503035
0.558554
0.488478
0.527673
0.537299
0.515628
0.527109
0.562307
0.517045
0.514912
0.600677
0.548845
0.515632
0.581156
0.576121
0.52235
0.525034
0.588084
0.523695
0.492718
0.556716
0.567194
0.52908
0.534048
0.589688
0.539649
0.547779
0.536798
0.530111
0.542855
0.52148
0.535838
0.491961
0.596332
0.553025
0.513272
0.576089
0.495759
0.547906
0.469969
0.533179
0.517844
0.568651
0.51637
0.541529
0.529369
0.516397
0.557987
0.529786
0.484452
0.536813
0.526714
0.55833
0.478297
0.579237
0.558236
0.524928
0.557729
0.509926
0.572334
0.518105
0.50437
0.503648
0.562209
0.581956
0.543346
0.560603
0.500994
0.514911
0.537451
0.544882
0.555719
0.574038
0.517415
0.528143
0.531229
0.497468
0.522994
0.548299
0.548665
0.500389
0.529252
0.560154
0.565158
0.515101
0.507996
0.516176
0.551988
0.526667
0.494703
0.552632
0.495356
0.549707
0.507328
0.523507
0.53485
0.524177
0.548928
0.487081
0.544978
0.494474
0.513044
0.507299
0.522702
0.518925
0.528768
0.550931
0.50628
0.522671
0.485862
0.518381
0.488174
0.533616
0.522265
0.535624
0.531573
0.473772
0.506568
0.489451
0.501304
0.514893
0.532012
0.494698
0.535547
0.545526
0.520607
0.534025
0.530448
0.511264
0.530141
0.522513
0.527246
0.543944
0.541463
0.496017
0.475973
0.542705
0.585519
0.541005
0.507095
0.529147
0.513162
0.503695
0.508529
0.476157
0.529865
0.482128
0.494388
0.540584
0.533981
0.503944
0.567999
0.517654
0.543171
0.49775
0.525821
0.531898
0.576989
0.548623
0.530629
0.509373
0.526897
0.58117
0.600653
0.51165
0.589254
0.507317
0.494855
0.610869
0.537498
0.549639
0.585981
0.498437
0.515575
0.52636
0.534944
0.532086
0.504029
0.5078
0.499257
0.540919
0.503725
0.559758
0.503346
0.540165
0.500039
0.557227
0.488294
0.539844
0.522446
0.52663
0.51784
0.543425
0.477674
0.496064
0.556019
0.553486
0.526126
0.509339
0.54873
0.502739
0.519909
0.497143
0.518507
0.55542
0.549193
0.515873
0.511818
0.52181
0.517051
0.565584
0.528251
0.522398
0.506365
0.533526
0.515229
0.492372
0.490218
0.512712
0.518899
0.512767
0.555519
0.558592
0.520758
0.515357
0.528577
0.515343
0.528858
0.567251
0.515207
0.52538
0.530627
0.513547
0.52796
0.513838
0.488001
0.509622
0.537482
0.556102
0.498583
0.5479
0.512069
0.515273
0.588155
0.542913
0.494763
0.538161
0.527196
0.533778
0.527374
0.578165
0.513688
0.524367
0.50625
0.492743
0.526593
0.478144
0.545448
0.467277
0.549747
0.49852
0.541306
0.50935
0.548359
0.560699
0.491376
0.540332
0.509132
0.56316
0.525607
0.508547
0.557159
0.489069
0.523195
0.523674
0.564897
0.537028
0.482762
0.552295
0.551489
0.539107
0.557193
0.513092
0.539066
0.498434
0.57583
0.510986
0.49575
0.514929
0.583391
0.533212
0.500006
0.575156
0.513321
0.551101
0.49912
0.540145
0.517308
0.549342
0.501696
0.544531
0.544636
0.530891
0.529156
0.553174
0.551378
0.534786
0.547659
0.565057
0.567567
0.513174
0.564093
0.540759
0.517246
0.515978
0.543787
0.515422
0.513326
0.485072
0.535979
0.503004
0.515619
0.570582
0.490563
0.554359
0.503033
0.514417
0.517766
0.519379
0.583499
0.487666
0.528268
0.561657
0.531242
0.507433
0.55369
0.541423
0.52083
0.538028
0.521883
0.487846
0.516933
0.535253
0.538132
0.485775
0.496483
0.590981
0.472045
0.524133
0.484738
0.543007
0.556925
0.595354
0.496059
0.598493
0.495749
0.536806
0.549609
0.51882
0.532488
0.510482
0.537952
0.49513
0.502425
0.540371
0.542589
0.511344
0.505524
0.483631
0.488816
0.504959
0.535083
0.521407
0.531815
0.499284
0.524201
0.566664
0.485541
0.553356
0.555487
0.512676
0.490286
0.535908
0.528298
0.524335
0.537923
0.545104
0.540485
0.527044
0.591948
0.519076
0.584166
0.518427
0.508823
0.507918
0.50035
0.525129
0.520168
0.562194
0.503645
0.533643
0.563282
0.505381
0.531688
0.557062
0.537719
0.532563
0.534059
0.511669
0.54263
0.510935
0.545683
0.53304
0.522942
0.542902
0.504214
0.534005
0.515689
0.532028
0.603611
0.548423
0.524842
0.534851
0.523243
0.549411
0.491631
0.541519
0.52641
0.500708
0.496408
0.525105
0.552041
0.565052
0.534587
0.484115
0.58175
0.597019
0.505641
0.576548
0.557635
0.533823
0.549537
0.510106
0.498521
0.481105
0.512026
0.533168
0.529064
0.528163
0.526934
0.52132
0.519743
0.544045
0.538723
0.522472
0.561307
0.468622
0.52233
0.567782
0.576538
0.48386
0.500981
0.519312
0.527812
0.539044
0.522097
0.528598
0.551244
0.512616
0.506372
0.507121
0.518528
0.492718
0.520774
0.557618
0.502772
0.513049
0.484064
0.557958
0.559645
0.511349
0.547565
0.543647
0.548153
0.531298
0.523032
0.54692
0.601483
0.54048
0.554289
0.509376
0.520824
0.506827
0.553783
0.481003
0.540942
0.57825
0.546032
0.559931
0.507843
0.519999
0.532198
0.537624
0.537612
0.591911
0.565213
0.516166
0.490813
0.488728
0.556381
0.546796
0.504749
0.500316
0.484253
0.494557
0.554922
0.535058
0.508726
0.550306
0.518835
0.567732
0.537
0.50988
0.534437
0.540064
0.479694
0.524059
0.527944
0.539241
0.544073
0.553796
0.517542
0.528718
0.48405
0.567555
0.580595
0.509131
0.583233
0.525362
0.520606
0.51848
0.51071
0.541324
0.498882
0.530918
0.525778
0.54068
0.517798
0.554677
0.53349
0.59113
0.500658
0.524533
0.601774
0.490515
0.520297
0.504895
0.548278
0.532994
0.500247
0.527969
0.482194
0.521891
0.534615
0.561837
0.556449
0.528661
0.473175
0.516538
0.550851
0.520377
0.538084
0.576028
0.548439
0.48864
0.495113
0.525173
0.479885
0.505248
0.519159
0.508503
0.499403
0.544793
0.528139
0.49889
0.539085
0.524071
0.506142
0.53653
0.556855
0.525229
0.499733
0.534701
0.491679
0.515579
0.559912
0.525809
0.572572
0.553832
0.523278
0.555293
0.499813
0.508902
0.50333
0.514265
0.550077
0.565945
0.540466
0.552667
0.524545
0.573338
0.507144
0.549728
0.525853
0.533595
0.482384
0.471564
0.552861
0.56029
0.520332
0.535873
0.521025
0.552755
0.481526
0.56483
0.558313
0.53556
0.533865
0.461294
0.485054
0.467174
0.579188
0.476846
0.518741
0.544307
0.527065
0.537333
0.494211
0.549588
0.512975
0.534448
0.476462
0.519928
0.560421
0.534271
0.514676
0.570315
0.539355
0.56822
0.492997
0.573962
0.501553
0.540083
0.517662
0.538901
0.526256
0.522575
0.497209
0.510149
0.57307
0.459528
0.51778
0.501086
0.56953
0.507477
0.519222
0.529158
0.535447
0.536643
0.510354
0.485385
0.489638
0.513843
0.532441
0.512606
0.541291
0.527738
0.545955
0.509792
0.522853
0.533229
0.543022
0.517212
0.530058
0.55596
0.493256
0.52895
0.554316
0.535941
0.532286
0.542254
0.533911
0.520159
0.510859
0.523734
0.504024
0.545588
0.522095
0.545713
0.581133
0.525682
0.560668
0.496215
0.569202
0.509236
0.549783
0.528398
0.559926
0.559084
0.508222
0.528501
0.558003
0.576055
0.503016
0.55814
0.52604
0.528639
0.4992
0.516284
0.520355
0.538459
0.50369
0.523811
0.531222
0.587972
0.500967
0.497666
0.485896
0.537463
0.535521
0.52546
0.531011
0.55279
0.499564
0.558581
0.540897
0.57749
0.528654
0.521211
0.522969
0.528962
0.564093
0.515625
0.507765
0.550389
0.53168
0.508774
0.534914
0.536193
0.551366
0.534164
0.52487
0.531109
0.561636
0.523224
0.577918
0.520721
0.523235
0.49333
0.564819
0.566599
0.575637
0.543793
0.596698
0.545291
0.512317
0.483166
0.46466
0.513953
0.548608
0.555943
0.530931
0.517025
0.53132
0.505615
0.50231
0.531709
0.511581
0.497786
0.57327
0.478709
0.520348
0.503636
0.537705
0.529242
0.565627
0.540804
0.49574
0.511847
0.580551
0.506766
0.555407
0.582093
0.5413
0.578815
0.535702
0.548469
0.491082
0.509307
0.53331
0.497953
0.51047
0.543247
0.509272
0.55564
0.579627
0.502901
0.513865
0.554888
0.519994
0.564413
0.555834
0.492749
0.552259
0.544937
0.497615
0.524715
0.527898
0.524082
0.536038
0.522588
0.530035
0.510269
0.502625
0.568895
0.519739
0.491329
0.528296
0.549869
0.538806
0.564743
0.486874
0.537201
0.532572
0.517261
0.504866
0.535247
0.511153
0.512392
0.513663
0.505789
0.506166
0.573894
0.558565
0.535049
0.538789
0.538503
0.504222
0.550624
0.525004
0.54533
0.492038
0.497903
0.554173
0.526167
0.522486
0.551441
0.52499
0.563304
0.525019
0.55717
0.591095
0.471453
0.546312
0.521586
0.499069
0.519838
0.532858
0.570688
0.529678
0.600033
0.522858
0.556305
0.513709
0.578285
0.524236
0.512595
0.571707
0.51084
0.46358
0.541626
0.555126
0.563065
0.52843
0.556809
0.53106
0.612048
0.565518
0.571587
0.57119
0.559221
0.534893
0.546447
0.541169
0.506701
0.546914
0.500563
0.515141
0.523823
0.549969
0.525251
0.541138
0.498969
0.510632
0.548505
0.562446
0.559602
0.588274
0.516825
0.589267
0.515944
0.482004
0.542681
0.51999
0.527592
0.537978
0.552633
0.491823
0.525799
0.526428
0.549324
0.547624
0.542722
0.504233
0.579104
0.498723
0.51234
0.500945
0.548278
0.516427
0.525734
0.502905
0.507938
0.553095
0.517571
0.544897
0.514411
0.502017
0.568651
0.547573
0.564697
0.543658
0.509243
0.561847
0.513558
0.553175
0.54533
0.513041
0.537991
0.562433
0.55455
0.529769
0.534815
0.492112
0.560949
0.50661
0.482811
0.577032
0.50522
0.502328
0.503829
0.526433
0.536239
0.549434
0.552862
0.505986
0.572141
0.51202
0.542364
0.479303
0.494609
0.557096
0.546751
0.511747
0.53785
0.584346
0.569905
0.518753
0.505128
0.508174
0.488239
0.542706
0.534478
0.521657
0.523882
0.532165
0.502627
0.480191
0.509225
0.531469
0.52274
0.54691
0.498734
0.490797
0.523745
0.52473
0.500777
0.522567
0.525277
0.531182
0.549986
0.492489
0.55214
0.521279
0.525728
0.5016
0.563352
0.537048
0.580634
0.540219
0.530371
0.532272
0.515873
0.490693
0.538324
0.525237
0.527094
0.540372
0.580353
0.524634
0.516534
0.532993
0.548552
0.55677
0.522881
0.545171
0.518932
0.53307
0.512358
0.567763
0.574409
0.512811
0.521393
0.488004
0.512542
0.51259
0.507931
0.54313
0.506597
0.558507
0.518249
0.508787
0.484815
0.543888
0.5547
0.52539
0.51623
0.533651
0.471759
0.569872
0.555769
0.512537
0.509595
0.554171
0.53109
0.525545
0.551909
0.533112
0.500847
0.553534
0.494474
0.54093
0.518682
0.499999
0.435009
0.54606
0.536912
0.489105
0.540372
0.51139
0.513185
0.545738
0.546329
0.489171
0.528532
0.507795
0.558154
0.498663
0.539726
0.523676
0.515846
0.560526
0.504272
0.509404
0.52557
0.535666
0.517099
0.534318
0.557612
0.517236
0.503909
0.553376
0.485871
0.507831
0.52169
0.541262
0.518157
0.527768
0.541343
0.516732
0.501197
0.492847
0.501529
0.551482
0.558076
0.515066
0.58061
0.534574
0.56653
0.505373
0.543411
0.497956
0.527869
0.586905
0.537722
0.499238
0.540441
0.494435
0.517988
0.530711
0.557586
0.516854
0.555913
0.502829
0.498328
0.457907
0.521376
0.484477
0.532624
0.522578
0.513631
0.495138
0.559108
0.527618
0.519227
0.483323
0.498614
0.512011
0.538028
0.54395
0.527892
0.529653
0.576848
0.503051
0.539991
0.569489
0.525298
0.51942
0.505818
0.497098
0.532976
0.537219
0.534126
0.560856
0.524763
0.493023
0.518982
0.495198
0.571409
0.529379
0.536297
0.532776
0.544788
0.539688
0.507973
0.501184
0.551796
0.510928
0.505086
0.525698
0.538101
0.519399
0.499463
0.55268
0.538039
0.540937
0.534126
0.510398
0.521715
0.567851
0.50876
0.489797
0.524177
0.50921
0.503376
0.546476
0.533475
0.517543
0.509218
0.546444
0.561347
0.474391
0.526245
0.551555
0.544126
0.52862
0.500696
0.565263
0.525047
0.581056
0.567632
0.514585
0.530157
0.519325
0.585844
0.550862
0.51567
0.526393
0.512702
0.51883
0.525272
0.509313
0.519147
0.563823
0.497611
0.554728
0.528705
0.509494
0.499707
0.484753
0.542551
0.526024
0.573629
0.57157
0.520486
0.54723
0.489284
0.523929
0.512366
0.526677
0.518323
0.537865
0.499697
0.51795
0.504502
0.531668
0.537917
0.573117
0.514899
0.537464
0.533689
0.495411
0.565122
0.51186
0.545708
0.534812
0.52383
0.524273
0.508585
0.62102
0.511565
0.533556
0.530034
0.538966
0.56226
0.505256
0.557088
0.474984
0.573574
0.491542
0.517681
0.502143
0.516372
0.505224
0.524362
0.521072
0.552975
0.524752
0.494375
0.523037
0.487115
0.50557
0.558378
0.528265
0.538436
0.493613
0.526278
0.545315
0.519731
0.556018
0.554459
0.480472
0.529157
0.514415
0.572354
0.542703
0.53331
0.514518
0.546991
0.542397
0.461161
0.484979
0.519144
0.538883
0.51633
0.589706
0.534038
0.481013
0.564125
0.510815
0.531328
0.539795
0.513126
0.548656
0.494665
0.511481
0.493927
0.528113
0.562654
0.519053
0.555642
0.494696
0.568096
0.532876
0.545195
0.572126
0.548459
0.537731
0.510215
0.514492
0.534822
0.498587
0.551089
0.573576
0.533235
0.527333
0.540096
0.515228
0.52246
0.520788
0.495331
0.544231
0.57592
0.513514
0.573517
0.534509
0.55127
0.513029
0.542032
0.545905
0.490246
0.516438
0.53495
0.553454
0.523192
0.521735
0.590655
0.515095
0.497453
0.538957
0.543191
0.506123
0.549407
0.551642
0.564133
0.496468
0.524731
0.476891
0.493771
0.51034
0.539402
0.517846
0.53128
0.552431
0.478381
0.551207
0.529025
0.552917
0.548516
0.572164
0.56216
0.546244
0.48544
0.571933
0.566259
0.504956
0.538986
0.544478
0.554248
0.529584
0.532707
0.51735
0.703407
0.526066
0.489875
0.556578
0.487967
0.553367
0.584521
0.50257
0.507464
0.545813
0.542239
0.505325
0.531941
0.501858
0.563743
0.533805
0.502696
0.556779
0.553471
0.523714
0.54303
0.572521
0.517456
0.507305
0.52332
0.510317
0.573493
0.506814
0.528767
0.559446
0.482677
0.518698
0.536384
0.530312
0.519307
0.521065
0.494097
0.553186
0.540523
0.543509
0.515991
0.50265
0.522939
0.573155
0.501635
0.542967
0.531602
0.528757
0.505845
0.500299
0.523505
0.512418
0.504336
0.520427
0.514159
0.520004
0.523908
0.515355
0.511602
0.515924
0.577208
0.513035
0.541406
0.543841
0.530964
0.537085
0.527846
0.51969
0.503598
0.492989
0.549121
0.484253
0.530008
0.56517
0.536276
0.52368
0.501021
0.552605
0.516572
0.534764
0.516738
0.536639
0.544864
0.498664
0.516155
0.545845
0.525212
0.494462
0.521172
0.568823
0.530927
0.498729
0.51912
0.512087
0.547118
0.524495
0.525723
0.538113
0.510395
0.545045
0.494863
0.499376
0.519049
0.572029
0.509958
0.564781
0.505216
0.507272
0.528609
0.553023
0.547929
0.485249
0.612912
0.52168
0.528591
0.530327
0.558083
0.547537
0.480864
0.525529
0.546825
0.517231
0.479571
0.522334
0.55472
0.546612
0.492593
0.518689
0.511573
0.564735
0.507944
0.490015
0.522005
0.525567
0.545478
0.511682
0.529373
0.53841
0.58924
0.508593
0.511359
0.540764
0.500717
0.513115
0.554409
0.519445
0.509211
0.489492
0.543644
0.543067
0.498824
0.546171
0.532226
0.548382
0.509574
0.5479
0.488217
0.541133
0.527571
0.485273
0.504361
0.552695
0.509691
0.523046
0.575753
0.504863
0.531261
0.541328
0.538872
0.510694
0.554093
0.523325
0.581377
0.492845
0.539044
0.531042
0.535593
0.513771
0.546564
0.514006
0.502337
0.535253
0.51341
0.529244
0.515208
0.573092
0.487761
0.50621
0.57593
0.511051
0.553295
0.496776
0.555347
0.539627
0.507241
0.538697
0.525271
0.524021
0.494466
0.517035
0.537392
0.552113
0.532546
0.527466
0.527269
0.577214
0.520773
0.503205
0.586125
0.531981
0.527658
0.507534
0.527246
0.51607
0.527788
0.50172
0.509979
0.53641
0.515454
0.484724
0.539547
0.573145
0.534813
0.512287
0.53505
0.49562
0.5084
0.522686
0.525388
0.552431
0.568594
0.521282
0.528876
0.48985
0.503832
0.505363
0.527514
0.49447
0.53199
0.542543
0.527583
0.508153
0.531165
0.616807
0.50862
0.507977
0.521631
0.53216
0.528284
0.576448
0.539467
0.508751
0.537514
0.528896
0.488574
0.560683
0.524039
0.493696
0.474154
0.498428
0.57568
0.511279
0.507735
0.49584
0.499545
0.53036
0.524706
0.534382
0.505559
0.556625
0.510665
0.56349
0.518512
0.511483
0.550912
0.505533
0.524803
0.534858
0.491447
0.515809
0.530497
0.545938
0.539127
0.528722
0.531293
0.580429
0.492213
0.563034
0.506967
0.560468
0.526623
0.495692
0.527351
0.579939
0.506968
0.56562
0.530792
0.488745
0.52021
0.520537
0.538656
0.498191
0.538981
0.529712
0.573829
0.53256
0.548489
0.550091
0.519839
0.503107
0.555241
0.528449
0.547906
0.515993
0.535333
0.505943
0.483667
0.507215
0.504254
0.578985
0.564094
0.489014
0.509655
0.567978
0.515953
0.509731
0.546414
0.530198
0.551205
0.550452
0.507202
0.520464
0.600249
0.576063
0.49686
0.527767
0.54369
0.522458
0.552412
0.529631
0.547213
0.522717
0.535121
0.498348
0.519281
0.515499
0.521303
0.474538
0.557288
0.517608
0.533242
0.529098
0.502476
0.55492
0.553395
0.514419
0.560057
0.590266
0.552547
0.524456
0.517059
0.510926
0.494436
0.525554
0.533176
0.561197
0.521438
0.554101
0.484297
0.592389
0.543731
0.523517
0.584911
0.526411
0.484329
0.519133
0.554747
0.54424
0.483032
0.496184
0.548259
0.51596
0.519804
0.491287
0.535347
0.525982
0.510156
0.564088
0.511725
0.561703
0.484086
0.551889
0.505033
0.549151
0.529105
0.506189
0.548543
0.470322
0.513343
0.499379
0.553773
0.518563
0.534318
0.501863
0.533296
0.532807
0.525856
0.547736
0.50725
0.530124
0.562871
0.532523
0.516965
0.49223
0.541834
0.536789
0.469826
0.507753
0.523023
0.47584
0.524781
0.498193
0.512385
0.555005
0.520639
0.548729
0.496596
0.556066
0.521496
0.529214
0.582197
0.525326
0.512098
0.478662
0.475961
0.507599
0.483215
0.497547
0.50326
0.532641
0.494129
0.53495
0.347328
0.517072
0.551147
0.561735
0.485999
0.54197
0.52924
0.534475
0.525979
0.533846
0.539423
0.541015
0.54469
0.518917
0.539161
0.557508
0.518684
0.504574
0.526454
0.51787
0.536832
0.549303
0.530583
0.536551
0.542111
0.530666
0.512374
0.496974
0.54488
0.54475
0.461835
0.582315
0.541958
0.505781
0.564957
0.546819
0.516933
0.544517
0.549788
0.50263
0.548842
0.537914
0.517918
0.533931
0.526707
0.482424
0.55625
0.538582
0.510646
0.524484
0.508349
0.517869
0.58361
0.535357
0.518668
0.508743
0.503682
0.534191
0.501429
0.568907
0.492399
0.485289
0.497978
0.499162
0.547529
0.562924
0.493813
0.548061
0.520346
0.537684
0.531297
0.545471
0.460335
0.513672
0.538787
0.503925
0.493003
0.522425
0.521436
0.517788
0.551802
0.512769
0.517042
0.550421
0.529502
0.562381
0.4961
0.519064
0.52264
0.508769
0.589213
0.53382
0.525892
0.544055
0.515371
0.504367
0.525076
0.560141
0.543765
0.572996
0.545673
0.521933
0.571891
0.587396
0.489004
0.469084
0.533864
0.507459
0.51791
0.525249
0.59115
0.514835
0.527467
0.563538
0.508676
0.524129
0.55006
0.523085
0.518822
0.538207
0.559495
0.490988
0.551643
0.547023
0.529055
0.501894
0.511389
0.550641
0.551452
0.508812
0.53116
0.546316
0.555017
0.545574
0.467405
0.508206
0.506669
0.605672
0.515821
0.50246
0.525443
0.532935
0.500607
0.517503
0.519677
0.513989
0.518027
0.497912
0.545571
0.548044
0.546825
0.577881
0.532682
0.508069
0.557457
0.507123
0.502385
0.557416
0.471242
0.537034
0.545282
0.508586
0.534866
0.565816
0.509423
0.516738
0.512199
0.548949
0.540944
0.602806
0.547897
0.541466
0.483511
0.498176
0.50811
0.534677
0.556857
0.513597
0.504723
0.49837
0.508582
0.595196
0.530868
0.523548
0.515818
0.55833
0.490884
0.529576
0.497704
0.532369
0.515779
0.538162
0.521745
0.52528
0.501693
0.555626
0.522354
0.571937
0.506706
0.568898
0.55062
0.534378
0.503553
0.527144
0.522346
0.555451
0.49827
0.524096
0.505542
0.530922
0.545295
0.503378
0.537866
0.563838
0.578777
0.527262
0.556386
0.515292
0.560382
0.532942
0.515014
0.523188
0.489269
0.52648
0.496258
0.520891
0.509038
0.52523
0.503874
0.507094
0.555161
0.518327
0.583158
0.516965
0.549046
0.505879
0.532327
0.493298
0.520029
0.552836
0.553238
0.521876
0.562888
0.503107
0.570951
0.51681
0.57061
0.504361
0.499559
0.499196
0.517742
0.532699
0.524834
0.622821
0.502944
0.587218
0.527458
0.536217
0.470716
0.524083
0.57321
0.522903
0.520403
0.592378
0.552257
0.534629
0.536493
0.528328
0.480461
0.520556
0.53515
0.511679
0.489338
0.498689
0.487266
0.505167
0.510733
0.532681
0.5065
0.493961
0.537966
0.515082
0.521195
0.511419
0.485383
0.534752
0.543486
0.540745
0.537262
0.497192
0.54742
0.507446
0.530087
0.498937
0.50524
0.543461
0.495962
0.553655
0.50906
0.585136
0.491635
0.54794
0.474882
0.575734
0.497806
0.485555
0.54034
0.561579
0.49948
0.501928
0.534864
0.50714
0.512061
0.504882
0.552393
0.531423
0.522961
0.530949
0.503367
0.547524
0.552624
0.512477
0.568792
0.479967
0.491793
0.503238
0.567316
0.527972
0.512541
0.526437
0.525066
0.488196
0.533446
0.528618
0.497328
0.532964
0.515918
0.554531
0.522953
0.55669
0.55616
0.531423
0.484122
0.484019
0.522731
0.501526
0.489333
0.505041
0.573639
0.574165
0.490406
0.506916
0.502148
0.515143
0.535698
0.566527
0.516194
0.552313
0.572465
0.524939
0.50053
0.553469
0.492392
0.513186
0.525441
0.519671
0.504357
0.510226
0.543336
0.534848
0.530993
0.518696
0.493948
0.504982
0.582635
0.537224
0.51852
0.520648
0.538364
0.522295
0.566784
0.526599
0.490919
0.587601
0.582642
0.540395
0.517405
0.548033
0.529196
0.562433
0.514415
0.506232
0.512188
0.558288
0.499837
0.432996
0.546883
0.546105
0.508131
0.527595
0.499529
0.499414
0.55228
0.517606
0.566565
0.531129
0.481634
0.51897
0.530003
0.51493
0.54923
0.504047
0.504858
0.548613
0.528352
0.526482
0.564476
0.528633
0.539596
0.508593
0.538435
0.516237
0.519836
0.550508
0.548217
0.549352
0.55689
0.519566
0.51276
0.550766
0.588872
0.567914
0.548104
0.524923
0.520067
0.564924
0.519092
0.537454
0.564873
0.507626
0.591518
0.50426
0.492951
0.578538
0.506367
0.51047
0.520597
0.503887
0.483832
0.513521
0.51271
0.546545
0.522567
0.553803
0.516305
0.544307
0.535868
0.516207
0.529584
0.558432
0.608613
0.540893
0.514016
0.484424
0.534096
0.534765
0.548573
0.570096
0.537943
0.524583
0.512355
0.498032
0.500933
0.528653
0.533148
0.569605
0.515972
0.493941
0.537306
0.516029
0.548748
0.551331
0.541182
0.553305
0.485515
0.55205
0.534521
0.513158
0.499393
0.505483
0.525166
0.512629
0.517492
0.558074
0.502589
0.508266
0.501609
0.548864
0.467105
0.519178
0.510227
0.505909
0.503944
0.515904
0.552807
0.535182
0.541356
0.57965
0.532435
0.522175
0.516165
0.489182
0.470635
0.597226
0.536869
0.512554
0.546835
0.565347
0.527052
0.548756
0.527402
0.56893
0.529391
0.533004
0.513631
0.487056
0.496331
0.497156
0.532183
0.512997
0.483811
0.502728
0.485027
0.513411
0.522943
0.543223
0.561388
0.547653
0.507016
0.485909
0.589875
0.532007
0.52937
0.530801
0.517869
0.545874
0.515615
0.564024
0.543241
0.499501
0.514034
0.534234
0.527139
0.533243
0.511877
0.530671
0.540746
0.526814
0.523318
0.517163
0.524312
0.505474
0.572032
0.518224
0.570923
0.508219
0.521778
0.546943
0.566128
0.5139
0.556985
0.523791
0.553091
0.490197
0.574793
0.565918
0.528814
0.557622
0.570612
0.507316
0.520266
0.480835
0.544088
0.561799
0.529499
0.525227
0.505192
0.511573
0.506653
0.517731
0.516595
0.522741
0.478512
0.528388
0.524807
0.524545
0.53688
0.586802
0.535955
0.523154
0.537926
0.550322
0.534191
0.484072
0.516911
0.538945
0.533294
0.53059
0.509947
0.524946
0.532019
0.514215
0.518508
0.520696
0.532271
0.529328
0.5254
0.536482
0.480049
0.534265
0.497135
0.520107
0.525953
0.538306
0.5477
0.485356
0.510365
0.523529
0.498795
0.533359
0.54866
0.541779
0.541935
0.521326
0.52704
0.499573
0.524394
0.541944
0.481149
0.517616
0.487483
0.516959
0.528095
0.527623
0.54591
0.543401
0.513077
0.469963
0.502369
0.524684
0.52624
0.529252
0.534235
0.501992
0.556115
0.511529
0.502438
0.546762
0.556276
0.537072
0.517623
0.451032
0.553015
0.543412
0.542586
0.542162
0.552128
0.546567
0.501699
0.534516
0.534756
0.519205
0.512211
0.538003
0.485916
0.485351
0.55823
0.521385
0.522582
0.532991
0.492848
0.495034
0.562878
0.553161
0.553481
0.530827
0.555131
0.504504
0.532104
0.55325
0.544978
0.557342
0.585528
0.525467
0.512344
0.54987
0.513811
0.584279
0.560256
0.540405
0.569709
0.483545
0.510024
0.547695
0.527382
0.526386
0.503077
0.530924
0.489913
0.580118
0.536109
0.536875
0.55993
0.490559
0.511395
0.502874
0.523577
0.508368
0.53369
0.515629
0.454234
0.53608
0.510598
0.507786
0.562976
0.527841
0.54042
0.555021
0.51943
0.522782
0.531193
0.611651
0.533323
0.539688
0.573654
0.481642
0.54151
0.500822
0.491765
0.485915
0.547771
0.526176
0.51884
0.5208
0.568549
0.506976
0.536374
0.539123
0.529451
0.545073
0.535594
0.578669
0.611473
0.510363
0.521547
0.60747
0.539799
0.521112
0.540699
0.509295
0.562624
0.564687
0.551998
0.461869
0.520228
0.481473
0.492391
0.497661
0.543759
0.516937
0.525468
0.548211
0.481327
0.487829
0.587525
0.544624
0.57189
0.524765
0.536268
0.562621
0.521499
0.546702
0.555221
0.505606
0.520108
0.533369
0.543893
0.537813
0.534378
0.47933
0.526852
0.56322
0.558235
0.500861
0.574586
0.49284
0.54733
0.576674
0.510008
0.522359
0.484773
0.497452
0.514687
0.518418
0.557175
0.512954
0.511242
0.527006
0.52751
0.517979
0.523048
0.551827
0.515796
0.552456
0.506584
0.552053
0.508501
0.488026
0.515471
0.505026
0.578271
0.543292
0.511422
0.539121
0.502212
0.544091
0.571623
0.550788
0.568452
0.530533
0.532231
0.539532
0.533651
0.500441
0.565847
0.503893
0.533372
0.535998
0.551345
0.531121
0.505178
0.577856
0.470647
0.551887
0.515186
0.54942
0.601257
0.485023
0.519706
0.563272
0.46914
0.479393
0.535452
0.548484
0.542393
0.584275
0.545681
0.536683
0.50876
0.515402
0.563109
0.472959
0.551877
0.544066
0.531816
0.516683
0.516524
0.552136
0.523492
0.541579
0.531113
0.501342
0.570412
0.552261
0.544777
0.514825
0.530908
0.535975
0.522317
0.548296
0.524663
0.512126
0.556901
0.540228
0.536965
0.526038
0.543386
0.538846
0.494976
0.515625
0.50083
0.482185
0.518378
0.525979
0.550794
0.547237
0.563964
0.539408
0.549728
0.555832
0.56468
0.523858
0.612272
0.529537
0.531925
0.554932
0.535418
0.552787
0.543722
0.53691
0.529558
0.543291
0.57801
0.483045
0.554359
0.549106
0.54078
0.550727
0.524452
0.519465
0.538397
0.515562
0.543525
0.476725
0.527632
0.552851
0.517156
0.536757
0.538377
0.50026
0.513046
0.485687
0.513967
0.538554
0.545303
0.503571
0.527916
0.48711
0.535133
0.543335
0.531612
0.503029
0.498545
0.517038
0.520863
0.52258
0.5607
0.519151
0.544827
0.524336
0.496681
0.546136
0.550935
0.550296
0.578214
0.514562
0.509554
0.55172
0.532415
0.508954
0.591253
0.558891
0.538123
0.528096
0.513875
0.497201
0.522169
0.494808
0.54133
0.58372
0.50503
0.500147
0.529886
0.477713
0.513759
0.556974
0.508186
0.520214
0.537562
0.570369
0.547342
0.505395
0.55264
0.555323
0.525098
0.491102
0.500116
0.58476
0.537926
0.545359
0.524554
0.533691
0.566704
0.512898
0.542801
0.497895
0.528042
0.582669
0.54306
0.523686
0.508191
0.506449
0.504433
0.547613
0.515546
0.486937
0.535264
0.518937
0.563677
0.531962
0.488442
0.500128
0.525909
0.555584
0.559058
0.491279
0.514578
0.503218
0.484717
0.514163
0.528445
0.550614
0.535383
0.508614
0.489345
0.513055
0.47482
0.532313
0.542049
0.472784
0.523842
0.549643
0.527431
0.553017
0.514386
0.55075
0.62421
0.466012
0.535027
0.55381
0.519769
0.573059
0.544851
0.527356
0.529189
0.498465
0.514199
0.542427
0.522944
0.559078
0.542133
0.487379
0.491616
0.543303
0.506549
0.574411
0.541872
0.53474
0.499935
0.559781
0.500346
0.537172
0.535721
0.529098
0.545119
0.509953
0.472665
0.517899
0.493303
0.513503
0.530147
0.523018
0.56984
0.543326
0.549761
0.549869
0.526756
0.527476
0.530538
0.516508
0.596882
0.504638
0.534897
0.525326
0.55091
0.535243
0.509007
0.545275
0.553061
0.5089
0.562247
0.480437
0.532413
0.539055
0.52373
0.593277
0.560545
0.584203
0.529495
0.526219
0.544486
0.516889
0.507967
0.491377
0.503749
0.535894
0.524033
0.533174
0.539044
0.50467
0.529292
0.537424
0.517875
0.54671
0.522889
0.503534
0.557626
0.496844
0.513653
0.51784
0.537164
0.49115
0.512407
0.511123
0.522244
0.521324
0.562816
0.495055
0.538616
0.513608
0.521462
0.548331
0.4937
0.477277
0.545652
0.501141
0.54378
0.522405
0.56108
0.513721
0.502655
0.541299
1.35445
0.529699
0.551461
0.497299
0.525672
0.532979
0.550363
0.576182
0.515513
0.526676
0.547003
0.505277
0.521572
0.508029
0.574864
0.500805
0.513387
0.513682
0.532947
0.495642
0.521486
0.53492
0.554258
0.525771
0.524729
0.50456
0.512849
0.524589
0.531641
0.530655
0.515594
0.50775
0.525228
0.526001
0.505655
0.539367
0.521008
0.522998
0.526444
0.503637
0.587029
0.514855
0.543709
0.516649
0.520468
0.501292
0.535433
0.5353
0.542778
0.530299
0.542614
0.523231
0.572443
0.755113
0.501506
0.567486
0.525205
1.85151
0.566268
0.520998
0.521789
0.534925
0.537784
0.524213
0.561389
0.517763
0.557275
0.498698
0.537032
0.519585
0.542026
0.542963
0.522977
0.526208
0.559638
0.479371
0.488969
0.560661
0.535887
0.575074
0.507773
0.517047
0.506055
0.585442
0.517071
0.504461
0.503329
0.522507
0.558798
0.531396
0.540956
0.525941
0.556391
0.516907
0.515101
0.534432
0.577839
0.524311
0.529731
0.551162
0.552887
0.562133
0.48354
0.538579
0.537229
0.542857
0.503041
0.529171
0.58971
0.532525
0.520233
0.553985
0.511773
0.508769
0.529839
0.539114
0.498125
0.520118
0.549048
0.562842
0.562373
0.494682
0.513845
0.505698
0.566057
0.479396
0.504058
0.538155
0.533564
0.538474
0.499387
0.534452
0.584236
0.492659
0.508891
0.482513
0.485996
0.521562
0.635427
0.505258
0.564164
0.523119
0.534442
0.513519
0.521346
0.507235
0.470588
0.522771
0.511882
0.5022
0.51683
0.602316
0.498906
0.54028
0.49813
0.518706
0.529551
0.491044
0.471022
0.53163
0.491146
0.552306
0.517093
0.556086
0.530771
0.516287
0.519154
0.509449
0.55729
0.514692
0.542248
0.508841
0.549016
0.491712
0.485577
0.532244
0.509564
0.528256
0.519476
0.503885
0.54662
0.528814
0.515067
0.567413
0.554542
0.568808
0.484068
0.525403
0.514559
0.57849
0.528798
0.527803
0.489045
0.540722
0.517436
0.559301
0.473654
0.499174
0.495846
0.504938
0.478664
0.516979
0.521064
0.513264
0.533995
0.528986
0.513162
0.474839
0.571171
0.556573
0.541125
0.525042
0.512047
0.51794
0.567376
0.499042
0.5447
0.526369
0.581888
0.509498
0.623396
0.518492
0.524613
0.506263
0.529154
0.528547
0.520341
0.514985
0.544727
0.538633
0.527656
0.539567
0.507367
0.486938
0.541658
0.514996
0.525578
0.536808
0.525757
0.483322
0.516163
0.544253
0.527273
0.484436
0.518148
0.501402
0.585155
0.514138
0.537659
0.537735
0.518554
0.512726
0.531905
0.518047
0.516104
0.517878
0.544899
0.541776
0.503424
0.515636
0.526283
0.544588
0.553948
0.553429
0.550554
0.568176
0.480606
0.557505
0.520573
0.525542
0.509704
0.520802
0.535823
0.514245
0.521877
0.524024
0.535083
0.490723
0.516362
0.464372
0.53643
0.551241
0.53588
0.510306
0.526464
0.49466
0.559387
0.504316
0.491243
0.561528
0.503508
0.466276
0.553756
0.529865
0.50531
0.515623
0.512688
0.510525
0.527813
0.522161
0.54252
0.512818
0.551338
0.494982
0.494309
0.517508
0.486723
0.516173
0.515633
0.509488
0.490175
0.549081
0.519154
0.560444
0.577222
0.562438
0.505031
0.517212
0.511595
0.543839
0.486371
0.535939
0.532826
0.508625
0.493492
0.521263
0.48221
0.495252
0.499616
0.548805
0.49994
0.536427
0.520635
0.514019
0.518633
0.515253
0.549097
0.504563
0.545915
0.499093
0.497074
0.503324
0.492153
0.489661
0.528565
0.522726
0.484734
0.543364
0.513677
0.573818
0.529249
0.534174
0.515832
0.482192
0.556999
0.531024
0.527116
0.507883
0.511739
0.514116
0.515619
0.573431
0.536009
0.566751
0.508862
0.533683
0.505118
0.497638
0.512585
0.553769
0.496203
0.504637
0.520786
0.526413
0.538598
0.53026
0.512551
0.494813
0.547788
0.491332
0.549016
0.507799
0.534519
0.562555
0.541135
0.550368
0.541057
0.536811
0.525495
0.527567
0.564843
0.503572
0.490183
0.51145
0.533177
0.54119
0.495139
0.50995
0.590404
0.529626
0.492987
0.578408
0.423051
0.549675
0.524022
0.539456
0.532395
0.506575
0.540652
0.527341
0.569885
0.500415
0.498424
0.500799
0.513665
0.513042
0.499059
0.538243
0.511176
0.507466
0.517562
0.512564
0.566232
0.586964
0.509331
0.476878
0.548829
0.521617
0.487469
0.553123
0.496847
0.539458
0.5694
0.551717
0.51879
0.521441
0.532615
0.557556
0.503341
0.498529
0.550973
0.54146
0.516081
0.52307
0.52674
0.536836
0.492097
0.529627
0.529558
0.569515
0.563265
0.564241
0.510826
0.483468
0.504187
0.535231
0.493496
0.540326
0.521985
0.527184
0.516728
0.516977
0.510274
0.538124
0.53603
0.526707
0.514254
0.520295
0.514421
0.496969
0.48084
0.535134
0.543884
0.532532
0.546444
0.495622
0.504545
0.521665
0.527789
0.485584
0.624508
0.494739
0.48271
0.572505
0.568509
0.560385
0.474155
0.510959
0.488361
0.521131
0.500774
0.553282
0.507998
0.478734
0.519533
0.537045
0.515405
0.54628
0.560924
0.519827
0.505674
0.537635
0.565468
0.473834
0.517294
0.536962
0.530583
0.512065
0.532875
0.561654
0.526087
0.548369
0.497212
0.542773
0.516659
0.545422
0.491854
0.515769
0.486926
0.571039
0.531293
0.526371
0.536642
0.565492
0.522988
0.551172
0.512299
0.529362
0.531723
0.503162
0.509857
0.494953
0.554078
0.51896
0.556143
0.560025
0.512326
0.512338
0.523875
0.524061
0.45547
0.52757
0.524685
0.492281
0.542533
0.519333
0.542577
0.521282
0.508708
0.507987
0.525907
0.554037
0.535227
0.567707
0.516483
0.538594
0.558478
0.502758
0.51599
0.536041
0.492188
0.489529
0.540413
0.49959
0.530123
0.521741
0.501634
0.508768
0.510244
0.525748
0.511661
0.513498
0.516447
0.515694
0.556172
0.517245
0.530005
0.536682
0.553497
0.561137
0.533736
0.534903
0.540433
0.580057
0.558848
0.538427
0.4876
0.522229
0.541743
0.500524
0.527055
0.492156
0.584965
0.591156
0.532676
0.557784
0.547055
0.54181
0.519546
0.565927
0.522159
0.525801
0.478069
0.524223
0.5157
0.532217
0.524825
0.568739
0.587672
0.53868
0.481564
0.558244
0.539939
0.55975
0.598516
0.513913
0.540993
0.534969
0.515001
0.55411
0.606458
0.526948
0.509255
0.539277
0.507228
0.529144
0.554755
0.519087
0.518093
0.552572
0.576306
0.523134
0.540447
0.537192
0.540036
0.565958
0.564017
0.543847
0.464256
0.49457
0.555109
0.478927
0.515207
0.503071
0.543374
0.522434
0.494635
0.517014
0.547077
0.496779
0.536129
0.527035
0.542894
0.51888
0.576993
0.504917
0.522514
0.573655
0.521301
0.532644
0.529768
0.487458
0.523093
0.509678
0.545725
0.509178
0.553822
0.533065
0.555155
0.507298
0.528486
0.516094
0.496938
0.469001
0.51228
0.580342
0.519654
0.509244
0.540007
0.530964
0.532869
0.560228
0.508152
0.475151
0.517352
0.487882
0.494838
0.56389
0.507995
0.524183
0.522506
0.535613
0.570697
0.494794
0.509728
0.575633
0.499559
0.538283
0.517532
0.566252
0.51635
0.557049
0.537766
0.625613
0.507935
0.508622
0.568728
0.499577
0.534394
0.515605
0.527221
0.503551
0.561685
0.479678
0.470569
0.546611
0.548163
0.545871
0.506075
0.530316
0.527727
0.500932
0.566377
0.510865
0.508826
0.568321
0.527487
0.549558
0.498323
0.540059
0.549504
0.517642
0.560207
0.523999
0.506801
0.580049
0.531323
0.585188
0.524821
0.491061
0.547411
0.548532
0.538763
0.531757
0.585805
0.541004
0.572379
0.527862
0.549345
0.573427
0.492681
0.504349
0.544557
0.511291
0.492134
0.560071
0.509032
0.50554
0.534216
0.505239
0.567043
0.524521
0.594249
0.549426
0.527246
0.498925
0.480325
0.573486
0.514902
0.489275
0.512488
0.518345
0.494781
0.555759
0.522391
0.578656
0.520212
0.558954
0.551301
0.533928
0.553533
0.504397
0.538639
0.548738
0.542746
